Simulated number at age in the catch (in thousands)
1 2
1972 2002
0 9
1
2124.509 14702.963 7110.724 10941.688 20668.503 26130.021 17173.501 9180.813 5387.372 8530.685
3875.73 9007.954 35431.605 14538.563 16268.435 21878.058 26764.08 17257.951 7418.426 11117.389
4574.342 11919.226 15707.668 52217.016 15458.025 12197.146 15816.265 18911.596 9746.553 10343.887
3722.979 13756.686 20356.257 22732.958 54705.773 11445.953 8721.003 11072.171 10584.093 11767.053
4517.314 13605.759 28498.909 35622.153 28727.368 48886.793 9867.344 7351.107 7481.379 15603.44
3478.962 14562.516 24817.229 43773.778 39301.393 22288.748 36504.937 7185.76 4278.793 13859.419
554.165 6939.879 16559.555 24075.465 30916.387 19617.298 10768.041 17321.048 2713.016 6949.882
2757.954 1807.192 12962.671 26596.96 28562.618 26341.811 16281.208 8838.38 11416.765 6102.5
3311.193 13296.333 4957.669 30229.957 45262.038 34734.476 31044.16 18856.412 8247.719 16300.682
2543.648 6996.303 16023.559 5101.506 22686.229 24054.379 17880.301 15708.188 7601.462 10189.543
3708.246 11231.877 17610.699 34395.466 8017.841 25515.365 26255.235 19212.698 13588.042 16219.227
2316.449 9151.933 15816.142 21186.418 30238.336 5007.716 15450.262 15641.449 9142.081 15065.025
1813.212 11014.925 24732.87 36260.448 35348.442 35980.746 5767.931 17464.951 14240.683 21523.97
3364.379 5328.18 18346.626 34797.252 36762.073 25233.227 24752.808 3876.228 9371.788 19962.789
2890.806 11697.055 10493.769 30486.86 41672.828 31068.443 20554.23 19695.67 2469.679 18919.037
4392.298 9741.211 22278.625 16799.904 34989.485 33604.93 24092.569 15528.848 11898.738 12246.211
3546.288 14299.668 17903.295 34345.552 18509.007 27009.385 24911.657 17373.52 8944.159 13683.96
3372.6 11657.927 26510.257 27791.964 38017.458 14332.788 20066.462 17983.626 10015.486 12757.068
4299.347 10266.114 20022.632 38159.633 28535.3 27283.541 9869.602 13429.209 9597.505 12315.359
3426.732 10563.677 14311.661 23619.821 32460.466 17061.65 15724.806 5559.256 6023.114 10577.748
2753.164 10450.178 18351.269 21180.301 25487.984 24897.064 12675.923 11479.772 3249.471 9722.444
5023.682 11697.138 25174.32 37355.318 31189.752 26624.483 25109.754 12510.084 9105.321 10328.203
3340.331 16991.903 22328.469 40287.799 42711.489 24995.112 20488.297 18793.336 7483.501 11687.39
4814.91 10672.519 30610.373 33669.341 43284.937 32070.401 17999.89 14331.002 10490.326 10684.356
2652.599 10630.702 13376.365 32495.635 25781.748 23271.917 16621.885 9119.474 5771.856 8758.501
3253.602 8419.855 19244.188 20668.546 36718.067 20760.504 18174.934 12774.197 5617.226 9427.757
2140.073 8021.848 11882.217 23328.472 18447.489 23422.018 12880.902 11136.327 6262.029 7464.904
2770.246 8553.902 18342.066 23310.209 33748.865 19176.535 23700.492 12878.233 8959.082 11379.283
3028.28 8914.916 15717.197 28824.391 26862.244 27776.967 15326.008 18664.956 8133.858 13000.509
3764.679 15213.179 25357.652 37681.039 49904.868 33016.7 32940.591 17768.063 17432.767 20245.928
2378.753 8250.729 18910.377 26657.785 28510.946 26462.549 16861.216 16426.203 7038.654 15566.592
