Simulated number at age in the catch (in thousands)
1 2
1972 2002
0 9
1
2851.088 8832.012 16973.712 28314.449 30137.212 14967.55 15542.982 5298.383 8636.964 10166.978
2430.088 9378.91 16605.887 27342.949 33531.02 25542.903 12331.618 12634.341 3456.366 12617.114
740.131 9270.421 20390.529 30775.648 37045.313 32427.381 23955.909 11377.718 9365.226 12462.966
2858.582 1893.088 13535.507 25455.737 28115.305 24078.369 20446.665 14871.073 5645.656 10756.349
3822.903 13005.603 4899.756 29770.118 40818.054 32176.662 26694.374 22267.359 13038.071 14245.477
906.268 13164.649 25346.716 8044.098 35146.472 33947.417 25768.74 20860.054 13926.231 16903.984
2538.087 1779.274 14729.43 24182.843 5583.068 17225.621 16097.849 11996.596 7724.119 12095.813
1171.371 8966.996 3596.422 25550.391 30920.408 5122.327 15380.633 14199.623 8502.636 14256.164
2269.949 4262.8 18619.513 6379.217 33210.119 28723.527 4619.28 13661.692 10129.909 16793.703
4927.533 10619.856 11282.701 41481.486 10239.447 37750.973 31470.797 4942.212 11760.383 23249.162
1461.772 10646.611 13015.665 11697.279 30957.362 5355.024 19015.365 15479.992 1930.829 13636.797
3030.374 5171.009 21432.387 22280.33 14582.213 27449.421 4597.133 16029.206 10467.496 10108.489
3215.295 10276.57 9957.973 34970.02 26339.553 12209.463 22202.53 3641.975 10172.503 12901.32
3217.539 7517.145 13701.632 11333.861 29040.582 15511.886 6966.363 12454.221 1629.969 10266.972
2648.18 9474.813 12678.661 19872.297 12134.823 22301.155 11599.977 5150.901 7385.821 6870.728
1844.982 8202.898 16829.635 19404.341 22519.256 9889.39 17721.37 9127.463 3254.148 9588.114
3702.179 8697.281 22057.915 38636.419 32678.032 27190.691 11597.749 20477.96 8499.059 11414.021
3811.069 12497.756 16671.678 35822.219 45454.729 27223.954 21881.752 9140.79 12927.721 12186.104
1202.487 11342.342 21133.999 23912.116 37235.612 33418.187 19336.368 15225.617 5085.03 14961.404
3700.027 3927.692 21059.771 33307.53 27360.994 30208.756 26213.83 14871.672 9378.236 12032.332
5327.174 14989.912 9000.891 40615.894 46209.4 26804.204 28503.532 24136.34 10989.582 16530.419
3681.956 13251.12 21129.346 10713.149 34761.04 27739.511 15491.237 16076.603 10834.906 12586.533
5522.9 12004.048 24550.851 33211.55 12217.229 28091.492 21668.286 11860.394 9856.162 14276.169
3706.451 17885.163 22081.248 38284.212 37534.217 9775.824 21716.862 16409.746 7190.451 15379.422
1456.785 10685.817 29336.714 30791.02 38797.807 26951.927 6789.796 14797.524 8939.912 12450.899
1936.917 3908.249 16371.914 38459.506 29579.325 26558.171 17908.512 4444.57 7749.611 11408.812
1171.23 7679.657 8836.452 31587.328 54333.245 29874.313 26031.045 17281.804 3448.176 14808.804
2902.96 3732.609 13928.708 13630.996 35463.79 43319.14 23053.751 19720.361 10485.61 10849.482
2309.71 8304.604 6088.037 19383.461 13852.859 25630.404 30345.731 15881.956 10870.989 12014.242
1564.717 9267.102 18948.162 11797.128 27336.586 13908.588 24909.087 28947.617 12173.623 17686.536
5066.981 4360.826 14686.288 25504.961 11522.851 18889.695 9289.964 16310.064 15142.731 15826.605
