Simulated number at age in the catch (in thousands)
1 2
1972 2002
0 9
1
3258.216 3836.785 10697.732 17867.4 28671.543 24402.257 11261.601 10928.613 3218.634 12355.683
4578.022 17350.496 11590.277 27326.184 33108.776 37855.84 31146.384 14083.376 11022.677 15784.03
2771.104 11758.909 25244.397 14229.745 24109.239 20487.606 22546.96 18098.16 6515.81 12116.718
2604.459 9350.52 22516.246 40908.642 16680.772 19991.685 16400.421 17663.921 11354.245 11607.051
3175.415 7722.295 15743.982 32125.305 42243.244 12170.146 14083.148 11310.63 9736.525 12580.984
1594.326 9967.664 13781.955 23857.833 35347.349 32942.768 9176.622 10412.5 6693.511 13946.248
2968.189 4036.364 14401.978 17019.919 21547.434 22700.193 20518.034 5625.355 5100.795 10242.471
1074.268 8394.622 6540.733 20080.935 17528.866 15918.668 16334.946 14603.145 3210.113 8958.766
659.397 4357.846 19470.999 13005.419 29415.459 18439.825 16293.975 16511.826 11878.497 9468.704
3099.125 2391.906 9002.419 34247.258 16690.129 26893.805 16335.875 14187.163 11539.643 14855.963
4866.162 12867.398 5619.714 17811.48 48794.295 16809.174 26099.594 15478.22 10794.019 20680.522
3084.42 9618.671 14465.67 5368.837 12318.836 23735.799 7894.631 12005.103 5655.601 11890.945
1139.201 8851.538 15808.513 20440.964 5598.33 9208.614 17275.319 5680.192 6925.464 10574.36
4321.087 5984.724 26449.64 40128.348 37852.991 7413.295 11816.204 21780.387 5776.532 17274.041
5341.661 11642.513 9153.944 34264.242 37565.032 24977.003 4719.668 7359.444 10822.559 11081.019
6273.794 20222.997 24995.303 16610.934 44950.297 34892.758 22392.225 4139.436 5177.807 15569.644
3482.838 19873.324 36257.993 37759.129 18034.975 34327.915 25652.325 16059.564 2372.392 11980.445
2862.033 7535.515 24495.888 38085.483 28850.306 9739.942 17937.165 13158.083 6560.555 5517.739
4387.828 12860.876 19267.3 53242.345 60372.484 32644.687 10677.692 19320.096 11408.121 10767.631
4388.039 15676.862 25994.663 32782.678 65109.073 52013.136 27076.352 8639.133 12517.236 14149.181
2982.675 9343.417 18989.334 26766.934 24465.881 34237.481 26421.241 13477.433 3420.763 11141.503
3030.568 8869.519 15894.855 27722.177 28769.026 18823.461 25621.688 19523.372 7984.635 9202.519
2544.878 8934.231 14984.781 23114.253 29798.7 22202.267 14154.23 19061.744 11652.531 10371.863
6388.161 13894.78 27740.552 39510.771 44454.227 40992.477 29594.428 18535.728 20144.741 23636.181
2652.684 13242.938 16408.339 27912.94 28902.991 22964.651 20483.668 14513.3 7234.132 17582.351
2983.459 10970.773 31225.176 33001.178 41098.547 30431.636 23463.424 20602.401 11741.649 21243.682
1511.95 12007.302 24999.504 59979.832 45694.717 40238.555 28722.029 21632.32 15246.403 24838.821
3696.579 3460.435 15609.344 27553.19 47763.981 25595.668 21744.479 15184.625 9100.412 16592.974
3823.713 12249.924 6535.824 25137.317 32412.159 40025.732 20793.083 17372.462 9727.18 15979.101
4258.203 14851.024 27015.479 12210.046 34055.828 31170.395 37201.552 18935.732 12700.956 19182.611
2791.95 10773.071 21372.779 33044.392 10838.158 21363.276 18900.155 22115.197 8980.209 15273.176
