Western mackerel dummy tuning fleet
101
FLT01: Dummy survey
1981 1984
1    1    .5    .6
1 9
1      266100      506400      225100       31700      174800      158500       99500      116600       35300
1      203000      435900      483600      184100       24700      136600      108600       84500       87000
1       43600      712700      444600      391600      130400       20200       91300       70900       47100
1       15240       79510      661830      374600      238200       92000       15540       51470       39270
