Simulated number at age in the catch (in thousands)
1 2
1972 2002
0 9
1
2179.775 4461.656 19149.135 23603.43 28798.201 21182.671 6596.253 5000.325 3852.279 12702.908
3551.122 8739.077 10169.791 37054.864 33224.755 28848.327 20535.211 6275.048 3821.98 12571.943
2232.007 7753.896 10886.683 10823.179 28788.268 18300.357 15397.87 10778.904 2625.919 6502.523
2632.593 8448.593 16771.483 20165.831 14743.476 28109.812 17373.36 14423.612 8116.926 6546.556
1750.458 6551.674 12037.587 20535.059 18190.787 9510.471 17641.748 10771.121 7155.971 6982.499
2982.803 6795.53 14558.296 22972.355 28931.406 18425.587 9381.591 17204.542 8450.617 11511.525
2683.491 8832.76 11512.65 21167.534 24593.32 22172.251 13735.581 6905.903 10153.594 12411.964
3987.227 11701.49 21948.225 24381.266 32794.577 27247.258 23830.884 14527.435 5878.65 20323.524
2443.368 8805.381 14761.914 23705.529 19283.647 18438.142 14865.163 12805.526 6229.252 11226.727
1917.695 13204.578 27054.094 38496.729 45061.482 26204.86 24271.123 19218.023 13358.004 17880.469
2367.466 5084.008 19863.215 34439.468 35367.15 29145.023 16343.922 14799.796 9344.188 15199.756
2934.071 9037.947 11001.054 36299.991 45457.204 33033.197 26262.959 14401.172 10460.962 16887.37
3003.673 7569.55 13239.32 13653.55 32558.738 28725.818 20141.381 15666.796 6849.23 13567.202
2611.009 7180.398 10343.926 15506.62 11735.866 19943.399 17090.298 11814.731 7344.305 9672.651
3135.324 9224.835 14523.423 17975.278 19891.769 10814.205 17896.083 15161.387 8423.386 12070.254
4318.902 10197.96 17160.945 23174.984 21116.915 16741.102 8852.763 14464.783 9835.382 13427.821
1960.597 12764.63 17255.355 24949.797 24847.135 16226.529 12521.514 6543.506 8574.07 14035.384
4604.867 10837.127 40055.201 45845.327 48178.198 34242.85 21635.507 16372.954 6904.909 24546.009
7253.677 15464.347 20514.097 63433.604 51723.549 38012.072 25911.108 15900.096 9611.262 18304.636
825.156 18909.06 22799.508 25452.284 56357.744 32146.246 22704.167 15071.794 7360.091 12727.411
2476.79 1912.305 24980.126 25692.871 20904.427 32793.399 18113.732 12570.449 6655.388 8547.577
3071.079 12891.615 5644.808 62322.569 46465.226 26916.989 40806.289 22075.901 12351.46 14611.316
2694.853 7942.376 18881.645 6973.884 55307.8 28913.757 16118.735 23834.626 10267.012 13147.644
2805.4 6142.154 10333.124 21003.907 5671.829 31943.746 16193.404 8884.218 10483.128 10634.564
3277.401 14134.73 17595.448 25129.64 37222.576 7179.203 39161.367 19495.423 8622.112 21328.528
4925.039 11867.261 28883.211 30139.74 30771.596 31991.006 5926.562 31450.556 12530.562 19767.95
4057.278 12364.198 16863.946 34592.153 25890.639 18505.624 18502.208 3340.872 14104.603 14775.393
2128.175 9431.659 16401.289 19116.638 28651.749 15224.283 10549.179 10376.581 1495.314 13241.737
1947.865 12047.098 30259.489 44424.371 37506.037 40041.123 20555.241 13944.225 11071.042 14945.219
3143.504 3442.645 12112.697 25867.023 27483.525 16295.172 16793.314 8442.272 4541.596 8686.72
2496.19 11268.786 7057.469 21293.449 33487.127 25516.701 14717.897 14977.125 6050.014 9345.471
