Weight in the stock estimated using West (0-12 years)
1 4
1972 2002
0 9
1
0.008 0.132 0.178 0.243 0.411 0.355 0.398 0.433 0.459 0.510752258036855
0.008 0.132 0.177 0.242 0.301 0.438 0.398 0.433 0.459 0.516601773107751
0.008 0.13 0.173 0.238 0.296 0.322 0.469 0.433 0.459 0.517540851267105
0.008 0.129 0.171 0.236 0.294 0.318 0.365 0.497 0.459 0.524812211044558
0.008 0.128 0.17 0.236 0.293 0.318 0.365 0.419 0.512 0.518352357930343
0.008 0.127 0.167 0.233 0.289 0.313 0.361 0.416 0.446 0.533727845769157
0.008 0.111 0.175 0.238 0.3 0.346 0.382 0.41 0.432 0.497745278886762
0.008 0.11 0.174 0.237 0.299 0.345 0.38 0.408 0.43 0.489882401690856
0.008 0.109 0.173 0.236 0.297 0.343 0.379 0.407 0.429 0.493076960408391
0.008 0.087 0.186 0.252 0.313 0.323 0.378 0.419 0.434 0.473791726225125
0.008 0.086 0.135 0.221 0.28 0.385 0.353 0.408 0.437 0.467971411877104
0.008 0.086 0.172 0.235 0.28 0.339 0.377 0.404 0.439 0.502437293538495
0 0.081 0.194 0.253 0.295 0.324 0.393 0.436 0.441 0.50664536511608
0 0.085 0.165 0.293 0.306 0.341 0.384 0.43 0.459 0.531833337747391
0 0.077 0.179 0.267 0.304 0.356 0.351 0.416 0.473 0.47459474326684
0 0.078 0.148 0.24 0.286 0.374 0.386 0.411 0.429 0.490036718863502
0 0.072 0.156 0.237 0.301 0.329 0.423 0.445 0.432 0.526076367615517
0 0.076 0.177 0.244 0.306 0.352 0.38 0.429 0.474 0.485532484628419
0 0.074 0.138 0.222 0.287 0.339 0.373 0.414 0.409 0.484986227551934
0 0.075 0.155 0.23 0.307 0.357 0.409 0.432 0.502 0.55728110595781
0 0.078 0.212 0.259 0.31 0.362 0.402 0.424 0.462 0.519373572666547
0 0.078 0.197 0.268 0.315 0.36 0.416 0.454 0.465 0.520576012934073
0 0.079 0.178 0.237 0.301 0.361 0.413 0.466 0.47 0.556763930546024
0 0.081 0.164 0.267 0.326 0.398 0.448 0.491 0.508 0.571399546907825
0 0.076 0.133 0.251 0.317 0.366 0.444 0.462 0.501 0.581824004994989
0 0.076 0.186 0.228 0.296 0.361 0.402 0.445 0.478 0.530393932542704
0 0.077 0.149 0.223 0.285 0.342 0.4 0.426 0.466 0.528145247633303
0 0.081 0.194 0.242 0.301 0.353 0.396 0.423 0.44 0.493373612268347
0 0.074 0.185 0.235 0.289 0.35 0.39 0.426 0.447 0.500393642594706
0 0.078 0.164 0.241 0.342 0.39 0.446 0.459 0.499 0.564162111641702
0 0.078 0.181 0.239 0.311 0.364 0.411 0.436 0.462 0.519028103906127
