Weight in the stock estimated using West (0-12 years)
1 4
1972 2002
0 9
1
0.008 0.132 0.178 0.243 0.411 0.355 0.398 0.433 0.459 0.513844998873572
0.008 0.132 0.177 0.242 0.301 0.438 0.398 0.433 0.459 0.510106803227715
0.008 0.13 0.173 0.238 0.296 0.322 0.469 0.433 0.459 0.524234904096345
0.008 0.129 0.171 0.236 0.294 0.318 0.365 0.497 0.459 0.51576235196546
0.008 0.128 0.17 0.236 0.293 0.318 0.365 0.419 0.512 0.510168961972407
0.008 0.127 0.167 0.233 0.289 0.313 0.361 0.416 0.446 0.528533487362242
0.008 0.111 0.175 0.238 0.3 0.346 0.382 0.41 0.432 0.509616985932285
0.008 0.11 0.174 0.237 0.299 0.345 0.38 0.408 0.43 0.509071594816507
0.008 0.109 0.173 0.236 0.297 0.343 0.379 0.407 0.429 0.481160364377842
0.008 0.087 0.186 0.252 0.313 0.323 0.378 0.419 0.434 0.463562596573836
0.008 0.086 0.135 0.221 0.28 0.385 0.353 0.408 0.437 0.477225436221551
0.008 0.086 0.172 0.235 0.28 0.339 0.377 0.404 0.439 0.515754472785916
0 0.081 0.194 0.253 0.295 0.324 0.393 0.436 0.441 0.510754245379934
0 0.085 0.165 0.293 0.306 0.341 0.384 0.43 0.459 0.51579049344426
0 0.077 0.179 0.267 0.304 0.356 0.351 0.416 0.473 0.462049589988931
0 0.078 0.148 0.24 0.286 0.374 0.386 0.411 0.429 0.489631014967152
0 0.072 0.156 0.237 0.301 0.329 0.423 0.445 0.432 0.520747372558050
0 0.076 0.177 0.244 0.306 0.352 0.38 0.429 0.474 0.489540668392328
0 0.074 0.138 0.222 0.287 0.339 0.373 0.414 0.409 0.479264557689211
0 0.075 0.155 0.23 0.307 0.357 0.409 0.432 0.502 0.56000129538768
0 0.078 0.212 0.259 0.31 0.362 0.402 0.424 0.462 0.516295333597638
0 0.078 0.197 0.268 0.315 0.36 0.416 0.454 0.465 0.515925011301892
0 0.079 0.178 0.237 0.301 0.361 0.413 0.466 0.47 0.529645868719401
0 0.081 0.164 0.267 0.326 0.398 0.448 0.491 0.508 0.558298916958064
0 0.076 0.133 0.251 0.317 0.366 0.444 0.462 0.501 0.586406331999698
0 0.076 0.186 0.228 0.296 0.361 0.402 0.445 0.478 0.534874537026146
0 0.077 0.149 0.223 0.285 0.342 0.4 0.426 0.466 0.52711417367932
0 0.081 0.194 0.242 0.301 0.353 0.396 0.423 0.44 0.492621121864704
0 0.074 0.185 0.235 0.289 0.35 0.39 0.426 0.447 0.501447043343074
0 0.078 0.164 0.241 0.342 0.39 0.446 0.459 0.499 0.562565339081795
0 0.078 0.181 0.239 0.311 0.364 0.411 0.436 0.462 0.52184973173742
