Simulated number at age in the catch (in thousands)
1 2
1972 2002
0 9
1
2820.262 12578.029 17036.255 42751.533 40021.313 32403.69 28151.753 15614.514 9133.068 15982.269
3674.581 8138.757 20595.061 23603.355 42775.006 28235.28 22052.117 18735.839 8298.786 14154.309
3480.521 11529.781 14512.067 31154.487 25896.065 33233.112 21200.497 16226.573 11032.521 13586.252
4585.394 12614.267 23696.175 25209.576 39110.759 22999.476 28482.721 17772.876 10904.065 16671.638
650.018 10996.738 17213.189 27496.503 21233.259 23270.302 13228.323 16063.456 7990.433 12504.828
1470.706 2456.744 23661.82 31517.096 36717.521 20202.563 21449.946 11981.391 11683.943 15274.632
5098.795 5894.108 5570.82 45175.002 43306.185 35632.599 18886.962 19573.285 8773.473 20338.929
2015.76 9977.787 6562.434 5274.261 30988.617 20905.967 16613.952 8628.12 7103.616 10571.925
3759.835 9901.404 27839.624 15518.888 9068.52 37988.771 24798.499 19331.704 8089.106 16668.318
2689.65 9124.308 13652.651 32562.281 13131.849 5407.063 21864.498 13971.935 8677.584 11153.612
3588.694 10396.109 20037.857 25425.324 44035.193 12617.239 5023.827 19918.003 10219.156 14334.938
2864.615 8074.717 13336.778 21935.479 20290.663 24894.658 6908.106 2703.085 8544.489 10861.282
2883.497 13629.073 21842.612 30626.546 36690.501 24219.347 28774.11 7839.632 2470.873 17991.313
4483.021 8981.503 24046.732 32515.422 32821.313 27685.357 17605.16 20421.468 4446.221 11776.879
1746.459 9045.875 10342.111 23666.09 23361.215 16705.281 13654.753 8539.529 7889.042 6006.458
4317.678 10460.472 30736.067 29714.126 49369.222 34786.972 24057.439 19273.932 9737.564 15691.232
2843.39 11776.12 16126.18 39834.837 27551.178 32018.544 21674.179 14590.144 9307.937 11997.93
3062.862 10260.574 24009.13 27615.091 48889.135 23776.005 26569.312 17519.463 9441.485 14778.814
3539.757 6753.846 12848.59 25481.445 21159.346 26320.625 12344.44 13490.598 7072.954 10328.102
3355.44 11082.216 12065.503 19610.672 28473.766 16862.054 20353.234 9398.876 8232.649 10500.435
3124.406 10620.944 20024.657 18639.714 22203.604 23011.814 13229.446 15730.989 5824.23 11930.519
1588.379 11603.498 22467.32 36076.978 24515.865 20818.871 20912.291 11819.3 11285.113 12860.108
3409.248 5082.813 21117.622 34736.468 40535.154 19539.727 16050.06 15815.08 7157.472 14994.188
3354.217 11321.755 9593.598 33822.496 40382.531 33412.095 15571.152 12538.878 9897.029 14012.587
3771.126 9848.444 18912.865 13623.831 34911.465 29543.65 23645.191 10811.163 6962.676 13311.149
1133.747 12001.105 17849.987 29191.693 15330.426 27932.311 22895.304 18004.078 6594.691 12664.752
923.76 2963.488 17920.389 22819.206 27361.086 10240.797 18116.14 14633.067 9204.177 9595.475
1624.079 5185.639 9428.142 48129.383 44385.824 37901.817 13704.465 23733.036 15471.326 20376.901
3733.353 3605.219 6527.338 10032.507 36843.607 23806.628 19574.619 6909.389 9506.336 14618.152
5387.767 16642.323 9096.758 13875.675 15376.628 39986.741 24910.754 20009.058 5678.529 20461.733
3952.331 9605.813 16891.619 7859.458 8691.959 6775.633 17022.552 10394.333 6625.311 8881.265
