Weight in the catch estimated using Weca (0-12 years)
1 3
1972 2002
0 9
1
0.052 0.135 0.277 0.341 0.423 0.468 0.468 0.508 0.539 0.593745645627664
0.05 0.145 0.194 0.285 0.368 0.448 0.468 0.508 0.539 0.601514973426113
0.051 0.136 0.229 0.261 0.334 0.392 0.481 0.508 0.539 0.604201507450325
0.05 0.148 0.177 0.259 0.323 0.348 0.43 0.488 0.539 0.59937150566729
0.059 0.137 0.207 0.263 0.32 0.346 0.406 0.443 0.518 0.599042749008623
0.056 0.136 0.169 0.275 0.333 0.352 0.407 0.446 0.546 0.585808702952713
0.036 0.135 0.161 0.25 0.325 0.345 0.403 0.421 0.518 0.56523849117129
0.016 0.137 0.161 0.243 0.318 0.348 0.401 0.416 0.506 0.542851536404203
0.057 0.131 0.249 0.285 0.345 0.378 0.454 0.498 0.52 0.564456901050244
0.06 0.132 0.248 0.287 0.344 0.377 0.454 0.499 0.513 0.56461893671754
0.053 0.131 0.249 0.285 0.345 0.378 0.454 0.496 0.513 0.558841124461089
0.05 0.168 0.219 0.276 0.31 0.386 0.425 0.435 0.498 0.580337638319307
0.031 0.102 0.184 0.295 0.326 0.344 0.431 0.542 0.48 0.604422643972677
0.055 0.144 0.262 0.357 0.418 0.417 0.436 0.521 0.555 0.646902806592477
0.039 0.146 0.245 0.335 0.423 0.471 0.444 0.457 0.543 0.645227767013438
0.076 0.179 0.223 0.318 0.399 0.474 0.512 0.493 0.498 0.61517261302363
0.055 0.133 0.259 0.323 0.388 0.456 0.524 0.555 0.555 0.595196389877254
0.049 0.136 0.237 0.32 0.377 0.433 0.456 0.543 0.592 0.605631790006965
0.085 0.156 0.233 0.336 0.379 0.423 0.467 0.528 0.552 0.620468304728207
0.068 0.156 0.253 0.327 0.394 0.423 0.469 0.506 0.554 0.632075515823868
0.051 0.167 0.239 0.333 0.397 0.46 0.495 0.532 0.555 0.62969076877544
0.061 0.134 0.24 0.317 0.376 0.436 0.483 0.527 0.548 0.610398746573512
0.046 0.136 0.255 0.339 0.39 0.448 0.512 0.543 0.59 0.624317647144347
0.072 0.143 0.234 0.333 0.39 0.452 0.501 0.539 0.577 0.614739716656175
0.058 0.143 0.226 0.313 0.377 0.425 0.484 0.518 0.551 0.59554586888029
0.076 0.143 0.23 0.295 0.359 0.415 0.453 0.481 0.524 0.579990990032809
0.065 0.157 0.227 0.31 0.354 0.408 0.452 0.462 0.518 0.575022828677059
0.062 0.176 0.236 0.307 0.361 0.406 0.454 0.501 0.537 0.593575454972275
0.063 0.135 0.229 0.308 0.367 0.429 0.467 0.504 0.537 0.586234211000132
0.069 0.171 0.223 0.307 0.378 0.426 0.477 0.499 0.543 0.601960999344484
0.052 0.159 0.255 0.307 0.369 0.426 0.464 0.514 0.539 0.617186884300829
