'HERRING IN NORTH SEA'                         
        1       11        2
'YEAR'    'VPA'     'LPE'     'ACOUST'     'IYFS3'
     1983      428      635      -11       14.07
     1984      726      871      -11       35.64 
     1985      764     1022      -11       37.46 
     1986      818     1244      -11        28.66
     1987      935      699      667000       50.83 
     1988     1123     1249      801000       35.99 
     1989      -11     1328     1490000       84.76 
     1990      -11     1547     2009000       89.50 
     1991      -11      889     1743000       46.52 
     1992      -11      860     1545000       41.20
     1993      -11      -11     1215000
