Simulated number at age in the catch (in thousands)
1 2
1972 2002
0 9
1
2897.078 3726.557 18360.464 32562.178 15600.225 29799.238 25961.506 12433.223 11036.962 17990.729
4224.125 10170.722 7434.342 31070.862 39998.391 13595.957 25108.943 21444.896 8233.605 18670.778
1243.52 9926.812 13633.46 8510.028 25964.1 23714.649 7811.55 14186.45 9669 11505.272
4229.803 5267.105 23956.134 28033.02 12793.789 27894.518 24710.324 8007.458 11699.326 18320.207
3737.846 11674.463 8279.805 32073.681 27334.937 8849.778 18680.46 16252.232 4209.963 15826.627
4847.761 17310.129 30632.12 18333.115 51327.509 31041.796 9699.533 20024.698 14018.686 16939.982
1565.81 15587.548 31388.394 46508.819 19842.689 38843.366 22535.353 6841.196 11273.348 17883.099
3253.152 4242.708 23893.961 40510.011 43027.466 12859.089 24203.366 13681.622 3308.325 13918.283
4065.99 9306.033 6894.63 32923.598 40420.983 30333.476 8754.923 16137.138 7287.469 8828.83
5505.529 13374.001 17402.839 10946.837 37967.635 33062.771 23994.093 6791.375 10026.896 10421.969
2289.068 14858.899 20571.162 22823.579 10469.996 25781.18 21747.565 15510.907 3509.302 10518.744
4825.332 10923.631 40192.413 46990.269 37724.903 12294.737 29233.933 24132.499 13857.443 12364.784
2090.767 10222.189 13151.697 41068.661 34717.497 19599.202 6163.976 14344.711 9413.254 10899.683
2876.63 7712.303 21485.857 23558.602 53748.616 32407.897 17738.027 5486.589 10252.712 14920.608
4780.153 11621.251 17650.016 41486.027 32827.871 53005.53 30824.52 16490.186 4094.93 19015.368
1119.473 8669.909 12015.246 15568.674 26622.289 14864.536 23221.948 13259.027 5635.759 8302.146
1319.294 5608.051 24738.907 29195.453 27672.656 33882.919 18353.239 28211 12986.81 13355.57
3860.839 3845.951 9286.527 34731.205 29681.276 19881.518 23509.835 12470.57 15318.191 14221.944
3794.928 12923.193 7314.587 14979.851 40641.148 24617.413 15937.908 18470.605 7848.387 18941.389
1063.947 7990.603 15548.159 7537.802 11307.537 21802.848 12816.501 8174.154 7555.387 11674.858
1546.528 5322.155 22780.207 37782.593 13415.124 14421.042 26989.139 15619.432 8032.186 19387.861
3834.726 5991.151 11654.457 41932.488 49932.779 12494.316 12925.245 23582.821 10942.556 19056.257
4157.055 10097.954 8929.37 14636.718 37781.453 31522.983 7586.691 7650.334 11114.734 13506.017
2687.862 10645.296 14726.718 11090.278 13230.038 24192.301 19534.947 4615.972 3716.329 12284.43
3172.4 8974.878 20279.275 23961.41 13211.954 11248.018 19959.209 15868.85 3007.923 10161.998
3994.15 12723.322 20448.261 39171.083 33608.49 13171.325 10843.606 18865.058 12048.843 9913.73
4134.695 13660.114 24623.251 33328.161 45893.902 27728.786 10462.543 8403.203 11698.278 13696.444
2497.229 7563.038 14251.351 21937.39 21632.768 21046.915 12311.38 4564.164 2914.15 8746.58
1854.218 8408.81 14600.664 23697.001 27008.679 19166.701 18182.921 10531.353 3137.431 8300.061
827.695 5687.482 14790.603 22128.942 26592.374 21795.15 15081.169 14166.885 6587.359 7460.092
1006.759 3233.77 12714.785 28382.277 31328.577 27055.218 21589.138 14763.552 11157.164 10683.254
