Simulated number at age in the catch (in thousands)
1 2
1972 2002
0 9
1
1118.93 6623.205 16909.936 24867.866 20957.974 14771.414 13856.98 9359.803 2824.429 10956.928
4980.373 5941.689 19950.604 43069.354 45943.286 27586.388 18795.209 17274.469 9410.204 14539.201
2616.596 9405.986 6386.49 18244.598 28549.714 21432.103 12431.445 8300.589 6058.439 8460.368
4811.123 14316.022 29190.266 16756.067 34723.609 38726.726 28103.979 15971.29 8604.114 14468.02
3553.835 15624.624 26200.951 44679.252 18256.112 26426.963 28256.103 19907.267 9029.456 12928.36
5101.937 8037.737 20040.531 28415.375 34875.038 9990.526 13928.346 14541.402 8142.791 9473.84
2183.608 12147.885 10945.568 23411.342 24389.322 21350.911 5943.694 8174.886 6822.134 8438.206
2368.47 9227.816 29328.733 22621.218 35588.175 26604.875 22646.605 6220.744 6887.139 13097.768
3455.197 7157.551 15907.009 43169.752 24352.269 27291.351 19788.511 16577.085 3647.324 12065.423
3224.346 12651.399 14926.419 28248.078 55948.259 22491.033 24425.971 17409.04 11707.619 11162.94
1449.947 12487.929 27768.339 27660.279 37796.862 52971.963 20542.224 21811.557 12472.915 16418.786
1963.836 4859.917 23639.76 44124.76 31451.52 30153.635 40606.9 15327.749 13008.839 17289.1
3337.063 5080.045 7124.178 29262.033 39291.32 19660.647 18150.981 23859.235 7173.353 14644.885
3405.847 10887.01 9413.645 11190.234 33309.28 31667.678 15309.037 13844.869 14570.329 14063.419
3097.354 10731.451 19484.828 14281.797 12300.309 25908.614 23794.404 11266.843 8153.022 17107.553
3665.352 9683.477 19067.6 29375.719 15619.043 9526.831 19394.663 17457.22 6614.807 15051.717
1162.357 8726.327 13163.815 22174.49 25003.347 9453.115 5593.83 11212.906 8060.418 9999.59
3575.149 6624.615 28196.186 35929.254 43871.491 35255.722 12881.657 7465.386 12080.18 20016.161
4312.376 10109.961 10578.444 37788.053 34383.702 29338.386 22631.712 8041.231 3711.884 15558.744
3744.357 10907.15 14524.696 12885.003 33287.833 21347.211 17580.374 13273.092 3759.414 8997.402
3567.628 12839.33 21278.343 24085.848 15548.581 28545.028 17717.218 14322.091 8669.116 8313.978
3312.367 11998.368 24526.426 34454.204 28270.773 12929.033 22934.576 13945.81 9030.216 10399.656
1094.672 9087.822 18735.227 32577.321 33272.24 19339.487 8556.199 14893.395 7236.14 10079.161
1428.396 3449.23 16328.84 28728.249 36518.902 26572.009 14977.707 6519.741 9094.483 11181.377
3083.694 3847.666 5312.095 21559.476 27869.138 25297.617 17888.173 9946.482 3465.992 11351.529
4141.733 17411.025 12319.133 14371.946 42297.569 38973.264 34194.533 23685.036 10630.159 15720.902
2037.299 6797.043 16277.738 9815.908 8311.721 17208.396 15325.124 13187.128 7242.465 8061.996
2066.383 6768.842 12952.686 26736.631 11948.239 7284.773 14711.858 12978.578 8974.388 10523.691
4532.919 12050.486 22413.132 36322.666 54530.889 17409.586 10272.714 20351.91 14499.834 21852.918
692.383 10398.999 15692.48 24718.619 28900.851 30483.854 9383.019 5412.506 8529.916 16134.727
3912.243 2895.7 24666.72 31469.018 35878.238 29761.733 30315.034 9133.393 4233.389 19788.884
