Simulated number at age in the catch (in thousands)
1 2
1972 2002
0 9
1
2855.792 11965.223 25600.653 37629.728 31534.527 32166.657 21483.705 18828.75 16797.509 12797.858
2914.87 8276.347 19643.57 35465.852 37509.198 22102.998 21713.987 14156.516 9901.678 16101.59
3611.573 8353.134 13477.991 27140.145 35512.29 26553.277 15116.425 14548.611 7578.906 14271.266
2864.382 8257.531 10919.13 15105.028 22323.2 20807.984 15112.049 8482.783 6521.081 10170.578
3009.906 12706.172 20911.998 23641.853 24025.2 25467.833 23070.694 16522.078 7468.73 15169.387
4283.619 10157.162 24384.976 34090.873 28017.512 20213.751 20729.437 18423.036 10573.574 13960.196
4587.743 17970.512 24086.992 48609.028 48828.033 28325.75 19673.589 19675.973 14040.642 18841.818
2337.308 8208.054 18292.255 20848.863 30459.799 21496.493 12039.742 8190.21 6497.478 11157.539
4884.966 12940.795 25783.391 48598.624 40205.286 41886.503 28583.935 15689.737 8613.026 18708.377
2301.129 10373.537 15611.803 26380.953 35920.557 20880.909 20984.355 14008.851 6111.366 10893.794
3290.78 11225.022 28663.944 36388.035 44437.419 42960.901 24102.644 23688.714 12735.181 15309.781
1787.238 5720.074 11109.749 24157.308 22240.603 19104.923 17845.859 9815.114 7652.859 9059.189
2792.748 8690.234 15842.468 26203.289 41671.993 27460.282 22882.079 21028.94 9321.377 16121.407
2904.419 6976.899 12365.624 19202.313 23116.694 26038.344 16606.409 13586.905 9966.053 12489.308
683.695 9982.805 13680.627 20707.424 23545.887 20236.085 22119.889 13890.608 9120.174 15589.435
3579.584 2757.61 22862.345 26539.078 29138.516 23533.273 19549.36 20939.841 10562.824 19030.26
3712.539 13212.417 5746.302 39961.511 33196.459 25608.541 19874.983 16070.379 13783.264 19517.045
871.46 10305.518 20723.624 7572.799 37654.363 21874.594 16207.159 12239.952 7882.387 16771.577
2842.317 1774.243 11963.742 20534.067 5467.4 19230.424 10816.671 7874.226 4734.291 9441.566
4126.183 14066.469 4995.935 28633.301 35861.959 6825.147 23264.457 12859.582 7545.318 13494.277
3094.227 8748.21 17004.283 5153.978 21526.426 19081.558 3516.44 11777.43 5185.742 8483.66
5334.108 17042.657 27335.765 44934.539 9884.011 29433.065 25226.212 4555.637 12311.874 13916.313
5083.119 15790.568 28493.657 38366.442 45071.892 6937.072 19837.261 16539.889 2381.568 14025.277
4999.034 16330.589 28675.64 43499.39 41975.236 34616.23 5122.609 14269.602 9505.214 9427.766
3164.823 16577.895 30582.326 45068.981 48903.457 33095.025 26220.888 3776.228 8405.988 11329.877
2643.366 7896.581 23455.504 36579.118 38825.251 29589.062 19291.997 14928.936 1711.916 9119.804
5390.014 8509.286 14457.408 36482.871 41351.028 31138.469 22955.205 14682.386 9098.946 6262.3
3803.025 18522.604 16608.825 23917.563 43754.967 35145.03 25572.947 18470.009 9466.173 10589.312
6405.294 13538.739 37343.009 28238.025 29294.03 37817.837 29273.026 20801.933 12034.205 13265.365
6479.701 20651.533 24680.222 57252.38 31045.56 22620.619 28085.488 21183.825 12028.576 15130.498
3725.984 18019.239 32551.695 32860.354 54901.581 20938.377 14699.079 17823.908 10723.787 14850.139
