Natural Mortality
1 5
1972 2002
0 9
1
0.15   0.15   0.15   0.15   0.15   0.15   0.15   0.15   0.15   0.15
0.15   0.15   0.15   0.15   0.15   0.15   0.15   0.15   0.15   0.15
0.15   0.15   0.15   0.15   0.15   0.15   0.15   0.15   0.15   0.15
0.15   0.15   0.15   0.15   0.15   0.15   0.15   0.15   0.15   0.15
0.15   0.15   0.15   0.15   0.15   0.15   0.15   0.15   0.15   0.15
0.15   0.15   0.15   0.15   0.15   0.15   0.15   0.15   0.15   0.15
0.15   0.15   0.15   0.15   0.15   0.15   0.15   0.15   0.15   0.15
0.15   0.15   0.15   0.15   0.15   0.15   0.15   0.15   0.15   0.15
0.15   0.15   0.15   0.15   0.15   0.15   0.15   0.15   0.15   0.15
0.15   0.15   0.15   0.15   0.15   0.15   0.15   0.15   0.15   0.15
0.15   0.15   0.15   0.15   0.15   0.15   0.15   0.15   0.15   0.15
0.15   0.15   0.15   0.15   0.15   0.15   0.15   0.15   0.15   0.15
0.15   0.15   0.15   0.15   0.15   0.15   0.15   0.15   0.15   0.15
0.15   0.15   0.15   0.15   0.15   0.15   0.15   0.15   0.15   0.15
0.15   0.15   0.15   0.15   0.15   0.15   0.15   0.15   0.15   0.15
0.15   0.15   0.15   0.15   0.15   0.15   0.15   0.15   0.15   0.15
0.15   0.15   0.15   0.15   0.15   0.15   0.15   0.15   0.15   0.15
0.15   0.15   0.15   0.15   0.15   0.15   0.15   0.15   0.15   0.15
0.15   0.15   0.15   0.15   0.15   0.15   0.15   0.15   0.15   0.15
0.15   0.15   0.15   0.15   0.15   0.15   0.15   0.15   0.15   0.15
0.15   0.15   0.15   0.15   0.15   0.15   0.15   0.15   0.15   0.15
0.15   0.15   0.15   0.15   0.15   0.15   0.15   0.15   0.15   0.15
0.15   0.15   0.15   0.15   0.15   0.15   0.15   0.15   0.15   0.15
0.15   0.15   0.15   0.15   0.15   0.15   0.15   0.15   0.15   0.15
0.15   0.15   0.15   0.15   0.15   0.15   0.15   0.15   0.15   0.15
0.15   0.15   0.15   0.15   0.15   0.15   0.15   0.15   0.15   0.15
0.15   0.15   0.15   0.15   0.15   0.15   0.15   0.15   0.15   0.15
0.15   0.15   0.15   0.15   0.15   0.15   0.15   0.15   0.15   0.15
0.15   0.15   0.15   0.15   0.15   0.15   0.15   0.15   0.15   0.15
0.15   0.15   0.15   0.15   0.15   0.15   0.15   0.15   0.15   0.15
0.15   0.15   0.15   0.15   0.15   0.15   0.15   0.15   0.15   0.15
