Simulated number at age in the catch (in thousands)
1 2
1972 2002
0 9
1
2301.044 7175.972 28579.486 24920.959 38172.901 25563.119 7383.791 18309.889 4329.79 13207.062
1654.736 5752.194 10265.528 35106.725 22530.095 24659.373 16059.382 4579.967 9086.804 8840.926
2806.673 7140.987 14178.449 21651.142 54440.11 25068.885 26675.188 17138.048 3935.099 16200.966
4251.534 9917.306 14349.87 24201.503 26875.261 48012.943 21392.542 22335.923 11508.703 12393.916
2455.065 12916.349 17131.218 21049.983 25774.641 20276.762 35023.801 15301.044 12780.728 13890.591
3027.058 6848.692 20543.537 23248.339 20858.207 18155.545 13842.974 23513.139 8216.736 15048.208
4643.646 14822.647 18999.433 48085.629 39340.324 25067.896 21062.062 15708.225 21488.262 20904.653
4019.281 11403.644 20623.696 22315.208 40589.203 23278.124 14277.101 11703.705 6944.806 20032.811
2141.95 17005.652 27274.902 41466.045 32242.426 41404.881 22861.41 13675.304 9002.573 20951.99
3743.985 4534.625 20433.442 27750.353 30406.117 16580.424 20518.044 11069.876 5259.349 11349.863
4154.687 15428.605 10612.867 40524.027 39948.086 31112.073 16403.319 19897.489 8626.676 12921.053
4472.979 15028.836 31523.061 18203.796 49786.07 34495.207 25826.008 13259.426 12875.78 13033.519
3921.455 8048.88 15397.015 27495.104 11515.392 22161.836 14836.647 10889.283 4437.439 8959.772
4852.052 22514.495 26215.53 42406.227 54967.33 16422.893 30562.888 20052.367 11882.49 14918.59
4503.368 9820.316 25895.45 25587.044 29909.379 27233.716 7849.881 14293.989 7448.806 10351.215
3332.304 19601.323 24296.294 54367.175 39081.971 32543.012 28678.377 8111.785 11881.893 15143.886
5177.759 12196.318 40527.136 42182.343 67636.443 34189.708 27373.181 23495.107 5321.566 17906.221
3295.479 10204.909 13669.296 38589.039 29065.181 32766.007 15988.585 12534.221 8544.89 8701.95
2947.445 13881.585 24474.562 27899.118 57494.938 30911.065 33774.448 16200.544 10215.199 14199.997
2461.926 8931.028 23903.998 35757.859 29557.465 43111.021 22397.756 23981.13 9200.1 14086.875
3848.058 10269.32 21073.469 47469.738 51098.338 29843.559 41930.857 21261.273 18279.397 17824.389
1554.127 10108.892 15268.073 26397.781 42652.251 32163.712 18066.414 24740.932 9988.426 18088.892
3170.512 4136.527 15313.938 19676.632 24730.496 28293.171 20638.73 11375.101 12441.04 14322.452
1924.611 8499.363 6340.064 20123.1 18997.244 17049.088 18955.239 13640.01 6017.76 14580.32
2317.2 6133.398 15513.205 9949.92 23321.59 15806.196 13816.008 15189.858 8774.997 13551.574
4229.549 7913.696 11988.28 26038.126 12317.256 20719.167 13669.578 11807.531 10427.673 15123.61
3855.679 18163.75 19351.514 24951.333 39574.109 13368.307 21798.274 14139.25 9826.198 21658.726
3641.445 7940.767 21374.676 19505.559 18419.442 20755.606 6803.764 10928.282 5651.773 12264.322
5483.608 22306.064 27616.292 62943.79 41781.634 28203.534 30759.346 9891.8 12839.72 21305.393
1125.193 9499.386 22010.139 23218.202 38412.157 17948.094 11710.314 12525.602 3196.269 10916.126
1214.746 3904.422 18882.425 37627.781 29337.995 34892.378 15885.249 10253.1 8813.52 9374.94
