Simulated number at age in the catch (in thousands)
1 2
1972 2002
0 9
1
2643.899 10852.048 6908.526 6633.095 11820.027 5840.459 23974.894 13113.916 15919.849 14120.605
5081.785 10877.47 25271.744 13554.714 9376.856 11814.562 5626.507 22556.141 9906.285 23449.602
3690.705 11789.709 14323.599 28179.268 10903.181 5299.555 6437.394 2996.856 9558.406 14556.396
1945.861 15954.686 28878.807 29612.897 42090.004 11544.046 5414.415 6431.579 2406.648 20551.479
2903.969 5738.854 26607.61 40514.675 29773.085 29671.767 7824.29 3575.009 3387.499 11625.626
2733.135 8723.429 9769.726 38248.316 41957.713 21712.121 20851.313 5370.47 1959.971 7156.97
3646.73 7325.466 13300.412 12660.404 35988.245 27929.569 13973.652 13159.741 2706.577 4254.621
3583.881 14596.807 16647.11 25597.569 17668.885 35662.788 26748.493 13111.869 9917.581 4410.383
4790.555 13073.593 30067.877 28775.244 31676.098 15364.011 29804.848 21763.41 8541.009 9940.635
3381.56 14043.189 21639.201 41761.416 28543.174 21970.725 10230.362 19300.237 11233.099 10084.894
4140.967 9281.461 21851.862 28451.971 39560.139 19018.494 14106.515 6416.186 9653.981 11477.206
2894.332 10761.742 13746.467 27593.762 26192.073 25837.386 12030.263 8768.206 3185.952 11196.644
3645.025 11265.049 23848.434 25926.057 37971.188 25696.554 24562.456 11239.897 6581.766 10795.742
1014.99 9592.809 16898.551 30510.774 24192.841 25151.853 16489.087 15491.493 5664.7 8919.83
2348.502 2649.95 14343.175 21724.172 28927.139 16422.421 16618.784 10767.893 8101.64 7456.722
1593.946 14506.344 9288.896 42538.998 46824.756 44548.249 24468.991 24281.123 12715.009 18260.222
1117.19 2694.569 13966.012 7617.719 25306.941 19593.366 18012.685 9700.537 7634.297 10313.935
2875.006 5884.691 8077.116 35592.973 14178.142 33705.92 25299.029 22864.457 9933.028 18979.119
1988.011 6690.647 7796.015 9106.843 29155.389 8207.263 18868.238 13893.246 10007.343 13080.115
3679.01 8161.42 15627.805 15478.47 13176.471 30066.66 8197.223 18509.215 10956.241 18198.165
4372.084 13183.575 16559.056 26730.024 19064.184 11449.927 25173.764 6701.287 12120.718 19427.431
2537.653 8331.622 14322.347 15349.267 18035.553 9085.257 5280.833 11402.332 2413.639 11450.617
602.133 9094.357 17090.173 25231.208 19952.726 16838.057 8258.573 4744.704 8234.148 9990.112
3865.181 2523.575 21704.419 34719.762 37430.156 21131.538 17286.234 8335.579 3851.714 14430.007
6971.838 15302.449 5649.377 40865.538 46977.104 35724.531 19416.717 15491.865 5992.356 12671.369
2725.64 16695.186 20776.554 6482.962 33752.424 27222.132 19938.258 10580.943 6716.302 7627.915
3899.872 11598.071 40201.177 42131.423 9469.497 34867.464 27101.151 19382.187 8262.969 11694.682
2693.644 10301.103 17339.036 50641.716 38076.024 5996.579 21237.126 16090.287 9163.55 9140.369
2771.925 6452.723 14066.367 20195.923 42999.052 22916.289 3495.291 12164.044 7354.046 8826.423
4241.212 13554.346 17909.604 33047.189 34441.333 52221.549 26911.162 4023.062 11278.755 15710.668
4343.172 13443.647 24273.795 26940.502 35581.14 26002.057 37886.32 19006.971 2269.011 15743.84
