Simulated number at age in the catch (in thousands)
1 2
1972 2002
0 9
1
3802.167 12628.858 15239.507 34807.616 43667.45 31404.819 23878.114 20534.741 10342.765 13865.634
2350.714 11474.526 21664.654 22190.661 36773.001 32662.807 22705.16 16921.47 11639.247 13995.283
3806.259 8140.696 22571.274 36124.039 26829.475 31514.65 27050.843 18424.471 11004.339 17925.104
1826.413 13360.936 16187.175 37866.063 43677.37 22895.373 25921.798 21734.822 11855.669 18942.106
3367.611 5952.279 24625.227 25101.442 42134.188 34156.416 17224.422 19008.543 12739.221 18346.572
3121.887 9958.467 9966.314 34764.221 25474.294 30054.288 23455.579 11540.599 10165.893 16997.419
3601.181 8867.109 16065.041 13628.074 34406.352 17804.67 20281.873 15497.032 6090.156 14415.335
3663.256 11008.859 15428.842 23780.329 14681.88 26309.978 13177.54 14736.478 9012.711 11956.323
1370.877 10623.272 18208.303 21785.571 24543.323 10784.871 18740.039 9234.637 8266.526 11838.002
1687.596 5401.135 23814.914 34700.123 30249.971 24275.972 10330.466 17629.25 6979.576 15186.354
2777.031 4134.01 7543.575 28381.595 30166.489 18655.098 14503.3 6066.718 8265.084 10392.732
2792.279 11948.114 10120.924 15700.81 43073.033 32660.017 19566.058 14944.195 5028.79 15947.415
2870.607 9911.098 24007.699 17138.355 19135.685 37019.365 27039.882 15813.017 9672.351 13352.163
2441.525 5405.065 10639.68 21993.746 11430.223 9013.942 16877.359 12107.617 5629.686 8104.385
4284.807 12773.892 16088.189 26911.882 40600.157 15091.589 11534.521 21224.307 12281.142 14177.72
1619.27 13221.989 22327.81 23725.898 28568.601 30340.674 10864.076 8106.726 11918.28 14859.476
1414.255 4085.917 18982.912 27256.597 21029.943 17902.668 18382.426 6455.003 3842.902 13393.812
5123.415 4845.469 7977.765 31595.196 33137.067 18218.798 15035.217 15182.274 4276.541 11495.482
2927.079 18963.467 10187.733 14219.099 40859.559 30413.791 16164.146 13074.056 10591.719 10918.882
4262.59 8849.618 32546.729 14807.348 14948.154 30341.589 21800.714 11339.432 7331.886 11868.601
2771.589 11678.73 13808.186 43244.85 14325.172 10255.733 20151.151 14218.039 5910.716 9747.179
1310.628 8217.376 19774.593 20004.68 45940.77 10860.226 7549.592 14617.791 8263.101 9455.904
3247.095 6724.991 23894.426 48537.732 35532.953 58024.38 13246.121 9011.113 14062.414 17818.958
3414.692 9582.05 11202.504 33385.871 48410.658 24774.105 38829.296 8618.219 4673.219 16727.075
2713.619 9065.615 14426.15 14258.505 30625.912 31231.805 15403.395 23587.161 4173.358 10510.166
3782.031 7675.081 14603.192 19790.349 14247.497 21716.435 21441.5 10386.195 12718.123 7950.073
1866.473 16214.859 18667.64 30040.13 29487.708 15073.568 22194.563 21456.915 8355.356 16785.107
2743.638 3525.059 17460.33 17155.18 20099.763 13936.955 6895.541 9972.4 7665.963 8975.578
3334.555 16007.079 11673.299 48938.112 34945.179 29236.596 19613.39 9516.145 11114.318 19576.963
3438.821 7501.337 20439.139 12622.431 38165.883 19138.04 15434.853 10121.062 3904.739 13340.689
2913.181 10261.318 12773.2 29738.714 13443.249 28970.399 14094.987 11192.029 5878.306 9418.097
