Simulated number at age in the catch (in thousands)
1 2
1972 2002
0 9
1
1871.318 1806.465 10406.816 23404.157 23924.143 4582.233 25134.419 18814.997 5600.11 11698.866
4334.361 9550.946 5240.016 25608.261 41932.697 30603.012 5675.12 30556.854 18441.526 16152.915
2787.856 13095.553 16336.796 7555.229 26539.817 30550.999 21464.588 3883.411 16695.94 20096.861
3793.689 7506.212 20036.453 21206.431 7103.581 17620.936 19591.002 13481.268 1946.823 19042.318
4837.05 14960.345 16790.214 37897.86 29024.499 6891.806 16506.97 17962.05 9922.62 15348.187
1736.97 14261.122 24995.066 23685.614 38504.433 20755.787 4748.552 11107.468 9650.502 13931.826
3908.518 5403.991 25180.171 37356.184 25594.48 29392.011 15291.443 3423.102 6403.354 13061.102
4682.028 10226.605 8053.509 31963.897 34526.286 16767.426 18638.944 9522.607 1702.641 9098.595
2649.868 13386.557 16716.659 11285.197 32919.439 25411.741 11994.874 13154.854 5384.324 6464.222
2120.155 9364.124 27037.886 28927.12 14362.442 30014.177 22526.849 10492.731 9243.472 8124.26
1963.594 5900.505 14911.247 36958.78 29109.992 10339.71 21016.503 15575.398 5812.142 9544.925
3099.315 7291.079 12526.952 27138.039 49525.042 27979.804 9667.474 19400.782 11557.613 11604.334
962.349 14879.07 19842.762 28796.097 45153.612 58557.959 31950.229 10804.714 17459.127 22336.391
2529.192 2431.514 21307.002 24000.005 25057.62 27576.77 34439.385 18342.901 4938.927 18942.972
3067.774 6175.716 3388.881 25387.978 20915.263 15522.662 16568.404 20366.105 8664.404 11177.421
4176.746 14593.866 16706.844 7785.3 42499.68 24992.034 17964.298 18830.22 18644.448 18595.431
3365.249 10761.4 21374.696 20773.012 7014.69 27036.653 15358.465 10815.463 9043.701 18030.07
3244.89 9229.638 16857.741 28656.686 20417.288 4915.667 18394.782 10296.446 5803.143 14465.283
2473.41 9233.282 15045.918 23641.47 29678.199 15166.003 3556.238 13160.573 5906.604 12176.857
3810.274 11706.83 24919.891 34646.532 39903.917 35898.527 17811.725 4113.787 12267.432 16658.035
1740.381 8368.242 14688.278 26771.808 27260.142 22319.648 19485.117 9522.946 1755.013 11786.531
2374.549 6270.59 17261.63 26031.973 35031.425 25630.647 20437.75 17640.596 6930.406 9486.059
2620.713 7357.55 11118.325 26277.284 29201.434 28159.143 20047.481 15791.131 10934.835 10168.205
4556.608 13527.777 21566.518 27606.887 47425.128 37588.388 35068.983 24486.589 15550.952 21029.535
4897.951 10679.27 18010.878 24349.541 22533.114 27247.947 20839.768 19026.452 10576.704 15751.357
2807.045 12256.814 15289.023 22131.35 22006.573 14544.498 17099.413 12908.36 9428.108 13972.749
1850.785 9208.183 23047.902 24755.849 26519.462 18965.816 12219.699 14221.335 8624.124 16080.496
2340.285 7509.518 21344.306 45730.315 36116.894 27747.338 19292.517 12263.554 11482.782 19795.03
3646.027 10175.854 18510.592 44442.61 68868.404 38587.348 28619.887 19470.101 9949.959 25433.346
4882.49 8485.838 13454.041 20754.083 36020.203 39285.117 21239.914 15415.519 8348.179 15096.14
2949.247 14881.186 14758.806 19993.588 22578.226 27936.832 29564.437 15738.054 9151.738 13559.75
