Simulated number at age in the catch (in thousands)
1 2
1972 2002
0 9
1
1603.713 13248.311 28884.667 18231.253 55523.704 31988.63 27643.919 17120.71 6490.281 24841.839
3355.449 3556.26 16665.36 30737.992 13970.658 29834.728 16557.824 13975.404 6878.118 12264.1
3149.661 11261.063 6795.851 27109.139 36448.108 11784.369 24374.673 13289.969 8992.721 12026.207
4197.811 12695.426 25721.025 13102.961 37746.032 35932.063 11207.966 22666.141 9922.111 15386.947
3531.298 9725.592 16715.826 28739.55 10593.483 21493.848 19751.677 6031.702 9711.672 10706.031
642.926 10900.12 17134.483 25172.66 31702.376 8335.816 16415.288 14856.721 3635.984 12917.696
2375.561 2052.5 19870.131 26717.978 28787.47 25894.373 6611.787 12831.013 9312.619 10481.89
4379.409 10730.965 5262.889 43132.702 42078.975 32248.926 28042.314 7016.636 10956.468 16987.06
3200.995 15080.689 20859.128 8579.684 50270.954 34399.427 25322.733 21423.229 4286.204 17383.137
3912.327 7959.344 21247.587 24812.435 7337.112 30149.009 19860.268 14266.408 9605.609 9313.628
2914.369 14593.381 16827.507 37936.005 31986.722 6689.767 26517.173 17078.204 9837.129 13675.048
3908.484 7958.775 22611.206 22060.906 35896.026 21317.551 4299.483 16662.31 8561.169 11722.032
4979.806 15421.07 17777.77 42568.704 29926.378 34413.19 19697.557 3880.005 12065.016 14863.694
3743.113 13107.924 23005.092 22398.236 38597.071 19058.813 21108.147 11795.509 1851.352 13713.423
3000.18 9814.024 19587.538 29314.343 20812.407 25452.403 12173.92 13250.524 5916.275 7629.448
3396.464 10882.812 20293.116 34542.092 37799.53 19149.292 22712.816 10688.735 9340.803 9469.089
3535.834 11718.134 21349.539 33806.655 41823.294 32495.979 15924.894 18528.875 6990.164 12362.369
2302.526 9825.731 18543.53 28766.318 33164.427 29100.175 21886.803 10532.279 9796.196 10082.552
2653.973 7008.963 17071.292 27538.055 31288.253 25725.654 21907.331 16226.969 6256.819 12671.09
1971.865 12692.319 19003.981 39103.434 45666.133 36874.74 29283.2 24409.382 14557.597 17322.276
2344.095 4709.575 17199.792 21792.962 32328.558 26523.07 20642.28 16019.147 10626.972 14041.817
784.221 8208.017 9375.718 29070.497 26766.065 28193.164 22373.35 17079.553 10627.317 16977.158
1198.267 2002.83 11949.012 11641.56 26324.47 17197.914 17547.391 13686.09 8345.024 13591.052
4312.442 5282.332 5017.62 25394.258 17993.329 28980.935 18321.681 18341.345 11509.079 19069.466
3456.395 13859.574 9612.963 7699.298 28037.032 13987.826 21698.994 13389.88 10716.237 17971.072
1728.144 6643.083 15201.144 9011.659 5267.237 13577.517 6563.001 10011.267 4916.487 10556.882
1066.983 7109.575 15624.064 30640.3 13378.31 5615.177 14082.209 6721.236 8251.457 12679.294
2568.167 3054.244 11628.486 21885.215 31502.209 9819.79 4003.689 9899.51 3784.436 11770.693
2749.491 11116.722 7526.473 24381.277 33494.603 34422.325 10399.575 4167.792 8291.695 12707.691
1707.158 9051.214 20757.898 11884.832 27816.052 26998.145 26770.983 7910.713 2537.326 12532.645
3319.026 4369.256 13184.554 25722.863 10702.199 17723.051 16637.237 16184.943 3817.16 7083.147
