"North Sea/Skagerrak/Eastern Channel Cod, landings"									
1	1								
1963	2001								
1	11								
5									
116456.6039									
126040.7974									
181035.6613									
221336.1978									
252977.4280									
288368.0939									
200759.9919									
226124.1290									
328098.0359									
353975.6572									
239051.4773
214278.9874
205244.6492
234169.0000
209154.0000
297022.0000
269973.0000
293644.0000
335497.0000
303251.0000
259287.0000
228286.0000
214628.6530
204052.9000
216212.4800
184239.6200
139935.5910
125313.7710
102477.9900
114019.8360
121748.7920
110633.7110
136095.6650
126320.1930
124157.9130
146014.1420
96224.6810
71370.6250
49693.5080
