Simulated number at age in the catch (in thousands)
1 2
1972 2002
0 9
1
4001.063 11390.341 30836.977 28289.694 19176.277 29284.212 28528.916 20253.492 8309.514 10568.759
3532.129 9152.037 14771.253 33796.568 22302.183 10595.215 15579.122 14815.147 8359.989 7855.196
1939.338 8225.071 12187.948 16873.21 28356.391 13340.985 6158.255 8931.926 6787.264 7591.812
4403.726 9903.013 23920.719 30178.481 30558.534 36776.394 16784.698 7622.764 8916.022 14792.946
2223.327 11494.393 14705.369 30195.592 27659.837 19808.81 23048.678 10315.82 3739.619 12267.031
2164.866 6840.379 20177.001 22050.155 33136.154 21637.079 15033.672 17220.434 6175.615 9736.425
6288.823 9368.462 16808.156 41995.299 33309.104 35595.829 22472.446 15304.019 14097.027 12782.313
3184.883 15923.307 13479.077 20516.3 37105.757 20757.7 21418.518 13240.375 7189.41 12632.394
2875.795 10534.599 29994.042 21617.778 23989.895 30864.023 16724.383 16955.41 8401.369 12730.782
1003.671 12741.94 26403.749 63268.041 32830.926 25771.884 31948.033 16899.835 13772.177 18046.77
4835.661 2751.959 19743.42 34381.761 58913.906 21377.992 16118.664 19445.262 8190.804 15983.478
4128.524 15230.215 4909.481 29715.269 37253.257 44953.082 15714.275 11568.151 11154.268 13685.999
5279.239 14553.326 30353.036 8227.609 35735.909 31521.424 36594.247 12468.937 7346.904 16232.158
2199.372 11519.915 18052.131 31964.416 6269.582 19167.173 16320.656 18550.825 5027.972 9652.064
6421.387 9754.812 29008.538 38496.794 49470.923 6901.978 20400.6 17025.298 15567.414 12140.433
2722.216 12946.35 11208.488 28424.241 27449.272 24922.159 3364.643 9764.992 6484.646 10948.441
3674.303 11397.276 30921.525 22859.119 42499.117 29381.339 25902.564 3444.955 8044.506 14465.546
2649.23 10860.461 19194.068 44378.347 23926.701 31613.086 21171.959 18343.337 1952.526 13240.798
4773.703 12662.231 29375.156 43719.748 72887.691 27852.683 35482.637 23214.331 16188.96 13600.644
3239.703 13665.338 20457.513 39795.368 42247.078 49184.893 18033.372 22327.928 11635.462 14467.687
2424.803 6914.647 16599.907 21142.296 29842.705 22344.644 25142.486 9038.209 8905.043 10565.87
2681.613 6993.362 11417.198 23551.731 22118.095 22368.679 16301.534 18126.008 5223.85 11537.066
989.567 15507.421 22943.464 31676.524 47437.696 31786.756 31087.498 22204.79 19936.251 19725.727
1621.337 3223.105 28452.951 35182.209 34545.391 36115.654 23191.804 22010.288 12546.517 22750.181
3984.398 5181.09 5799.256 42751.413 37546.544 25704.119 25738.06 16028.337 12132.574 19900.687
1756.752 6716.111 4970.798 4734.775 25283.555 15598.408 10312.182 10116.727 4994.121 10086.642
2357.821 7562.413 16504.36 10442.598 7304.457 27963.845 16763.663 10926.585 8629.26 13256.767
3613.11 6937.001 12684.052 23613.465 10910.19 5428.432 20142.904 11874.54 6195.596 12079.28
3788.793 16592.397 18057.886 27885.853 37556.819 12320.615 5918.894 21491.129 10194.127 15713.635
3975.524 10733.349 26594.563 24372.254 26997.218 25498.37 8045.267 3767.006 10904.836 13161.218
3864.433 8099.791 12478.798 26424.102 17677.235 13872.378 12696.114 3939.53 1469.236 9627.986
