Weight in the stock estimated using West (0-12 years)
1 4
1972 2002
0 9
1
0.008 0.132 0.178 0.243 0.411 0.355 0.398 0.433 0.459 0.520843942157059
0.008 0.132 0.177 0.242 0.301 0.438 0.398 0.433 0.459 0.515081363467157
0.008 0.13 0.173 0.238 0.296 0.322 0.469 0.433 0.459 0.508533513895479
0.008 0.129 0.171 0.236 0.294 0.318 0.365 0.497 0.459 0.508452783405566
0.008 0.128 0.17 0.236 0.293 0.318 0.365 0.419 0.512 0.515198629834332
0.008 0.127 0.167 0.233 0.289 0.313 0.361 0.416 0.446 0.536250638243872
0.008 0.111 0.175 0.238 0.3 0.346 0.382 0.41 0.432 0.504372135328812
0.008 0.11 0.174 0.237 0.299 0.345 0.38 0.408 0.43 0.481566322079547
0.008 0.109 0.173 0.236 0.297 0.343 0.379 0.407 0.429 0.483181412754839
0.008 0.087 0.186 0.252 0.313 0.323 0.378 0.419 0.434 0.473670267659614
0.008 0.086 0.135 0.221 0.28 0.385 0.353 0.408 0.437 0.478917206914468
0.008 0.086 0.172 0.235 0.28 0.339 0.377 0.404 0.439 0.508819649730215
0 0.081 0.194 0.253 0.295 0.324 0.393 0.436 0.441 0.501653351639182
0 0.085 0.165 0.293 0.306 0.341 0.384 0.43 0.459 0.538680213083918
0 0.077 0.179 0.267 0.304 0.356 0.351 0.416 0.473 0.478717879779422
0 0.078 0.148 0.24 0.286 0.374 0.386 0.411 0.429 0.491605750157121
0 0.072 0.156 0.237 0.301 0.329 0.423 0.445 0.432 0.511464949475684
0 0.076 0.177 0.244 0.306 0.352 0.38 0.429 0.474 0.484948830663917
0 0.074 0.138 0.222 0.287 0.339 0.373 0.414 0.409 0.509474500636876
0 0.075 0.155 0.23 0.307 0.357 0.409 0.432 0.502 0.55430942296498
0 0.078 0.212 0.259 0.31 0.362 0.402 0.424 0.462 0.513089630652368
0 0.078 0.197 0.268 0.315 0.36 0.416 0.454 0.465 0.515192557731133
0 0.079 0.178 0.237 0.301 0.361 0.413 0.466 0.47 0.545067371860058
0 0.081 0.164 0.267 0.326 0.398 0.448 0.491 0.508 0.56358961632611
0 0.076 0.133 0.251 0.317 0.366 0.444 0.462 0.501 0.58187232719115
0 0.076 0.186 0.228 0.296 0.361 0.402 0.445 0.478 0.532144718362772
0 0.077 0.149 0.223 0.285 0.342 0.4 0.426 0.466 0.533563049740548
0 0.081 0.194 0.242 0.301 0.353 0.396 0.423 0.44 0.494003166496354
0 0.074 0.185 0.235 0.289 0.35 0.39 0.426 0.447 0.503630214286569
0 0.078 0.164 0.241 0.342 0.39 0.446 0.459 0.499 0.562599835208432
0 0.078 0.181 0.239 0.311 0.364 0.411 0.436 0.462 0.518235945826288
