Simulated number at age in the catch (in thousands)
1 2
1972 2002
0 9
1
1958.028 6065.681 25787.839 37693.703 44978.723 23579.966 29901.103 18676.254 13208.732 14349.011
1567.208 5537.522 9715.981 34846.276 36625.224 30705.993 15498.979 19179.1 9555.114 13939.774
4013.576 3461.261 6977.57 10459.117 27386.791 20411.85 16584.032 8232.409 8123.034 9895.859
2711.803 18900.691 9278.547 15911.752 17416.892 32597.198 23551.524 18811.469 7522.079 16838.582
3442.717 7441.028 29485.699 12290.698 15286.503 11830.391 21397.157 15151.285 9664.931 13150.168
3263.208 10321.7 12718.758 42995.742 13090.922 11586.133 8692.025 15461.586 8766.57 13196.819
747.788 11743.551 21151.92 22187.908 54709.991 11863.78 10172.89 7499.764 10706.434 15406.019
923.666 2947.84 26225.021 39852.685 30162.991 52612.201 11002.46 9220.306 5454.949 19019.224
1434.977 2390.95 4328.52 32572.677 35692.577 19000.101 31946.159 6528.814 4360.222 11844.041
3849.769 5015.907 4745.567 7278.251 39686.281 30813.016 15846.367 26096.596 4274.37 10229.149
4575.007 14527.309 10700.068 8510.961 9371.063 35995.808 26893.763 13483.526 17795.235 9360.271
2788.341 8414.862 15212.795 9539.245 5503.777 4265.89 15833.741 11597.786 4616.846 9308.289
3022.898 8687.276 15023.182 23373.159 10834.541 4490.423 3391.351 12454.358 7322.97 9183.743
2606.62 9377.751 15453.756 23025.974 26523.857 8842.031 3573.184 2672.113 7878.953 10952.701
3704.336 14892.965 30449.197 42559.406 46199.81 38053.77 12285.968 4874.814 2943.509 21892.515
874.718 11100.934 25242.377 43431.031 43532.966 33158.986 26266.938 8264.188 2616.756 12372.76
3369.779 1927.251 13930.489 26982.601 33754.44 23910.347 17617.815 13696.733 3432.493 6111.982
3162.118 11579.971 3783.604 23412.548 33312.1 29819.883 20526.924 14916.256 9310.254 5872.44
1814.102 8057.918 16898.704 4746.928 21657.044 22053.14 19213.285 13069.929 7603.495 7398.81
4260.992 8659.305 21945.183 39304.819 8103.391 26519.551 26234.533 22526.847 12350.491 15089.712
3756.571 17154.628 19728.518 42108.176 54300.895 7909.556 24940.829 24087.34 16599.572 21677.733
5085.888 12325.8 31737.335 30553.035 46480.843 41918.257 5857.058 17941.88 13835.962 23353.133
2817.951 8755.287 12083.376 26499.388 18505.456 19804.941 17258.964 2364.354 5745.482 12108.249
1955.757 10009.212 17806.775 21120.599 34206.581 17165.424 17893.259 15418.955 1697.763 12865.625
3017.124 7738.189 22586.922 34298.663 29798.311 34509.368 16808.442 17253.283 11952.875 10847.877
2644.614 10271.002 14977.895 37122.422 40961.215 25259.333 28294.561 13517.655 11120.615 14339.21
2535.527 6082.327 13488.543 16828.104 30520.603 23934.814 14317.954 15790.887 6022.011 11292.306
2352.238 8004.856 11002.624 20995.215 19360.986 25224.592 19274.219 11407.05 10100.119 11152.155
2384.656 10448.425 20279.646 23791.513 33279.112 21980.383 27805.579 20928.11 9972.877 19898.379
3515.308 8900.815 22110.398 36258.596 30732.761 30418.382 19385.812 23983.842 14476.188 20515.216
5222.458 12521.651 17898.848 37295.035 43749.989 26033.735 24756.858 15354.486 15200.221 22387.689
