Simulated number at age in the catch (in thousands)
1 2
1972 2002
0 9
1
3330.702 17729.178 24375.439 33274.002 36821.403 42655.378 30433.049 21252.424 8912.985 22148.586
2894.959 8510.047 25621.186 29648.588 28980.471 22427.427 24968.098 17348.091 9637.418 13998.087
3381.62 11510.718 19108.033 48276.23 40031.129 27546.934 20498.299 22226.019 12384.138 16679.64
5392.68 10172.668 19519.874 27115.054 48757.426 28206.41 18606.172 13441.088 11614.463 15570.78
2638.123 12069.879 12929.593 21026.775 21088.738 26651.193 14869.312 9592.521 5511.25 11232.093
3975.448 9115.603 23755.861 21675.239 25721.45 18370.733 22496.496 12336.961 6384.066 11506.76
1741.664 9328.031 12227.89 27318.08 18294.071 15469.213 10731.592 12958.04 5677.822 8281.68
4609.405 10547.594 32041.344 35505.907 57577.687 27521.894 22504.065 15299.759 14926.248 16041.291
5811.752 11772.391 15241.223 38989.183 30959.402 35129.254 16142.093 12858.565 6955.51 14247.306
2195.409 12710.64 14695.508 16265.476 30406.516 17132.312 18846.44 8520.782 5412.807 9176.985
2579.803 7225.583 23960.492 23819.973 19474.744 26148.371 14351.22 15613.22 5669.18 9898.952
2692.712 7706.047 12370.824 35318.361 25963.973 15247.055 19950.382 10835.513 9459.227 9489.44
4260.862 12836.177 20945.935 28686.271 60026.323 31623.955 18030.714 23236.744 10170.365 17682.291
4451.645 13878.541 23742.388 32826.559 32562.226 48222.673 24538.719 13701.451 14135.225 17471.739
2336.21 12248.462 21734.4 31631.417 31801.808 22350.071 32022.542 15991.184 7134.904 16986.044
1106.097 7571.261 22626.482 34239.391 36402.212 26066.654 17759.703 25026.094 10017.586 15495.322
2526.923 3786.473 14755.97 37527.838 41388.52 31304.294 21709.836 14529.977 16418.593 16473.163
3119.265 10245.758 8695.109 28576.996 52423.937 40905.573 29833.634 20217.352 10863.171 25311.853
2788.575 6501.752 12149.028 8764.926 20874.971 26972.676 20329.402 14527.729 7828.854 13980.36
1954.747 13405.854 17742.997 28068.367 14699.96 24929.093 31146.664 23009.967 13243.299 20462.019
1741.214 5555.077 21576.891 24089.491 27401.3 10082.992 16463.32 20072.153 11828.673 17583.395
4248.27 6294.387 11362.043 37159.219 29829.758 23915.785 8473.987 13499.563 13183.057 18835.206
3642.241 11297.142 9488.432 14470.624 34079.425 19227.421 14851.057 5138.91 6525.098 15968.407
5220.342 14797.171 25952.157 18332.467 20096.46 33402.763 18145.188 13671.07 3796.446 16809.717
4602.772 16407.08 26221.569 38494.988 19371.344 14835.018 23646.521 12475.745 7498.429 11013.739
636.161 9596.273 19438.749 26361.854 27972.395 9893.197 7310.068 11402.091 4780.43 6857.655
3077.408 2285.214 19653.188 33960.628 33684.726 25506.44 8750.151 6362.281 7966.928 7780.907
1120.053 7535.878 3199.016 23582.503 29913.659 21153.431 15559.554 5263.484 3059.569 7733.023
2072.287 3863.273 14882.556 5429.15 29548.849 26921.938 18540.639 13483.805 3664.859 7888.872
1922.507 6936.854 7395.975 24436.433 6563.212 25598.061 22685.982 15425.816 9007.046 7711.572
4684.369 10043.375 20537.165 18484.331 44204.358 8445.116 31810.861 27591.3 15125.35 16735.021
