Weight in the catch estimated using Weca (0-12 years)
1 3
1972 2002
0 9
1
0.052 0.135 0.277 0.341 0.423 0.468 0.468 0.508 0.539 0.609231003811994
0.05 0.145 0.194 0.285 0.368 0.448 0.468 0.508 0.539 0.611173872593216
0.051 0.136 0.229 0.261 0.334 0.392 0.481 0.508 0.539 0.599419392618652
0.05 0.148 0.177 0.259 0.323 0.348 0.43 0.488 0.539 0.597901070570038
0.059 0.137 0.207 0.263 0.32 0.346 0.406 0.443 0.518 0.599718999972973
0.056 0.136 0.169 0.275 0.333 0.352 0.407 0.446 0.546 0.595662460912768
0.036 0.135 0.161 0.25 0.325 0.345 0.403 0.421 0.518 0.572851408494853
0.016 0.137 0.161 0.243 0.318 0.348 0.401 0.416 0.506 0.540366053894572
0.057 0.131 0.249 0.285 0.345 0.378 0.454 0.498 0.52 0.569676034062998
0.06 0.132 0.248 0.287 0.344 0.377 0.454 0.499 0.513 0.560067271712176
0.053 0.131 0.249 0.285 0.345 0.378 0.454 0.496 0.513 0.559539320798869
0.05 0.168 0.219 0.276 0.31 0.386 0.425 0.435 0.498 0.578971734684448
0.031 0.102 0.184 0.295 0.326 0.344 0.431 0.542 0.48 0.612161387364609
0.055 0.144 0.262 0.357 0.418 0.417 0.436 0.521 0.555 0.61822549415852
0.039 0.146 0.245 0.335 0.423 0.471 0.444 0.457 0.543 0.605833239962345
0.076 0.179 0.223 0.318 0.399 0.474 0.512 0.493 0.498 0.616524314170509
0.055 0.133 0.259 0.323 0.388 0.456 0.524 0.555 0.555 0.604664665344294
0.049 0.136 0.237 0.32 0.377 0.433 0.456 0.543 0.592 0.611227301484171
0.085 0.156 0.233 0.336 0.379 0.423 0.467 0.528 0.552 0.618883906994882
0.068 0.156 0.253 0.327 0.394 0.423 0.469 0.506 0.554 0.631282908571611
0.051 0.167 0.239 0.333 0.397 0.46 0.495 0.532 0.555 0.631475818151898
0.061 0.134 0.24 0.317 0.376 0.436 0.483 0.527 0.548 0.607497995831906
0.046 0.136 0.255 0.339 0.39 0.448 0.512 0.543 0.59 0.647869056775234
0.072 0.143 0.234 0.333 0.39 0.452 0.501 0.539 0.577 0.615099692754506
0.058 0.143 0.226 0.313 0.377 0.425 0.484 0.518 0.551 0.599232145145889
0.076 0.143 0.23 0.295 0.359 0.415 0.453 0.481 0.524 0.573397239073641
0.065 0.157 0.227 0.31 0.354 0.408 0.452 0.462 0.518 0.575063665957343
0.062 0.176 0.236 0.307 0.361 0.406 0.454 0.501 0.537 0.592867861134385
0.063 0.135 0.229 0.308 0.367 0.429 0.467 0.504 0.537 0.587725998105453
0.069 0.171 0.223 0.307 0.378 0.426 0.477 0.499 0.543 0.603311630245784
0.052 0.159 0.255 0.307 0.369 0.426 0.464 0.514 0.539 0.608458218075495
