Simulated number at age in the catch (in thousands)
1 2
1972 2002
0 9
1
7208.36 13893.152 24042.354 34934.898 46919.579 25386.049 31275.24 22475.414 12663.74 17750.148
2359.776 16162.999 17663.275 25837.633 27007.573 25416.889 13241.5 15924.847 9093.519 12634.16
3152.976 5999.72 23482.784 21981.679 23587.166 17574.159 16061.408 8247.969 7932.46 10999.571
2256.151 9784.601 10667.309 35920.117 24845.824 19144.591 13896.397 12563.045 5178.263 12252.319
4139.278 11210.759 27674.878 25663.411 63119.229 31227.849 23328.265 16648.384 12132.502 16887.824
3859.813 12856.409 19742.953 41188.931 27557.368 47800.473 22803.664 16650.668 9499.057 16737.924
2354.917 8909.295 16919.242 22170.452 33724.604 15990.144 26863.898 12595.052 7335.158 11567.688
3514.598 9145.819 19738.409 32006.73 30730.819 33428.255 15385.976 25458.28 9594.23 14263.013
3151.836 11467.01 16985.728 31188.908 36832.444 25131.91 26467.791 11963.045 15860.527 15298.105
7061.501 13642.559 28081.582 35017.159 46300.18 38670.013 25425.253 26141.81 9494.294 25211.623
3034.216 17634.814 19295.064 33502.711 29999.777 27793.635 22335.623 14322.089 11717.346 15952.995
4558.183 11591.756 38144.114 35179.994 44008.351 27835.611 24853.821 19505.903 10030.294 19821.06
4389.381 9579.752 13861.614 38788.894 25938.292 22866.312 13973.682 12228.287 7633.684 11882.37
2901.305 14240.471 17764.533 22024.848 45308.504 21681.495 18580.017 11202.501 7866.044 12126.955
2013.873 14688.052 40868.211 43059.122 38655.04 56557.317 26142.163 21929.759 10655.073 19609.972
1738.819 5542.287 22861.649 53530.695 40409.772 25406.932 35735.137 16089.835 10752.812 14763.551
3601.819 5199.38 9402.854 32817.408 55507.755 29565.064 17933.126 24669.44 8875.71 14380.426
4670.356 12841.626 10504.151 16035.783 40371.612 48234.979 24772.415 14684.251 16183.661 15381.168
2390.698 11825.577 18476.251 12821.268 14167.943 25156.868 29020.847 14593.802 6897.417 15249.953
1029.959 7053.59 19904.579 26560.48 13481.494 10610.629 18274.319 20748.099 8354.789 13038.792
5255.928 4915.939 19084.047 45482.785 43921.691 15839.7 12038.842 20291.718 18548.787 19394.53
2687.619 9747.283 5190.974 17158.606 29671.466 20176.913 7032.173 5240.589 7014.869 13617.387
4382.517 9521.057 19753.065 9025.902 21985.442 27275.66 18048.741 6213.455 3720.558 14464.228
1530.172 16456.503 20385.768 36086.297 12067.229 20994.029 25270.333 16459.373 4551.962 13534.935
3445.968 5635.236 34417.992 36127.765 46374.594 11000.611 18495.679 21813.493 11396.965 12230.895
4741.618 12531.633 11588.72 59540.364 44885.097 40578.398 9264.02 15188.003 14346.535 14634.393
1410.506 10957.234 16444.954 12888.317 47822.807 25352.764 22107.647 4936.631 6440.494 12368.843
2366.289 4699.324 20798.017 26595.951 15212.39 40186.336 20645.161 17697.091 3168.346 12643.284
849.909 9017.177 10166.611 38105.226 35319.281 14331.79 36582.282 18409.676 12664.551 11719.91
4251.557 2814.413 16905.508 16067.243 43328.162 28287.387 11055.196 27542.399 11086.464 14688.994
3646.584 11893.003 4466.226 22694.155 15566.062 29571.925 18617.754 7113.401 14143.479 13134.819
