Simulated number at age in the catch (in thousands)
1 2
1972 2002
0 9
1
4369.269 10278.215 24779.942 30218.844 39568.731 34844.639 11726.402 9101.285 14216.35 10267.142
1426.892 11459.362 15296.77 31213.205 27472.784 25323.773 21505.048 7075.881 4378.42 12660.438
2366.702 3186.823 14632.686 16747.38 25078.174 15719.659 14073.565 11783.859 3096.028 7316.92
2570.483 11502.277 8831.02 34591.081 29019.073 31148.388 18957.448 16716.621 11282.324 9568.572
3399.199 9559.423 24223.028 15681.254 44258.914 26220.613 27125.688 16124.371 11397.415 15204.43
904.405 10699.523 17010.745 36244.939 16817.304 33313.765 18976.827 19125.24 9079.422 14688.329
4641.893 3053.284 20399.162 27220.388 41498.213 13509.844 25714.104 14256.923 11486.301 14967.073
3224.398 10947.974 4086.596 23111.763 22240.887 23822.553 7475.936 13907.562 6135.952 12013.919
2725.037 12562.629 24210.569 7650.337 31350.398 21403.203 22148.637 6807.419 10166.126 13196.128
7175.206 10125.674 26349.028 42582.13 9626.146 27712.053 18178.377 18307.255 4505.856 15657.416
2238.677 14908.592 11945.069 26335.483 30693.725 4867.54 13507.095 8660.647 6926.604 7690.108
1584.671 10805.416 40757.984 27542.299 43872.218 36294.188 5554.32 15071.572 7780.817 13046.591
3649.469 4086.674 15772.689 50137.276 24304.561 27116.856 21575.68 3218.452 6951.358 9801.441
1519.587 11539.825 7336.203 23980.691 55165.973 18907.919 20368.618 15864.725 1893.342 9797.769
4667.915 5231.521 22525.723 12101.387 28564.96 46433.709 15352.552 16171.396 10087.046 7708.717
3327.095 14828.764 9415.156 34211.072 13237.482 22014.625 34481.502 11133.722 9375.568 10312.932
3029.292 10186.091 25741.441 13812.837 36207.918 9878.135 15839.807 24248.884 6257.412 11417.054
3838.84 6355.593 12201.272 26374.098 10346.037 19242.372 5090.216 8032.796 9802.366 7274.898
3737.33 12132.459 11518.119 19051.763 30494.208 8604.678 15605.118 4087.683 5180.404 11826.233
4360.607 19869.148 36702.454 29619.559 35774.245 40975.258 11208.334 19981.43 4222.675 17745.638
3505.63 10280.297 26656.442 41880.455 24536.441 20932.782 23178.466 6217.443 8834.034 9654.013
2932.571 9419.625 15810.234 35211.137 40748.856 17080.707 14176.629 15504.643 3330.948 10180.878
2411.929 10200.876 18763.833 27071.989 44532.948 37031.267 15119.792 12410.079 10906.811 8672.091
4134.739 12008.029 28852.359 44992.662 47217.419 55402.201 44585.722 17860.892 11814.399 18993.387
4193.088 12211.25 20082.025 40690.407 45624.461 33658.25 38024.079 29859.656 9548.024 17473.243
3175.706 12239.793 20237.944 28193.347 41321.017 32714.459 23296.635 25758.484 16161.369 14573.517
3127.611 9093.732 19957.221 28092.097 28493.944 29630.318 22708.609 15879.461 14041.47 17753.493
2698.448 8657.388 14380.739 27021.334 27901.499 20188.985 20388.295 15401.488 8621.608 17449.409
3028.507 11931.07 21787.382 30782.263 42208.636 31117.984 21820.564 21657.143 13166.743 22933.055
3392.285 10820.247 24129.046 37127.898 37749.723 36501.666 25921.815 17742.453 14103.819 24376.235
3172.509 9612.484 17370.326 32692.248 36195.491 25870.23 24091.522 16700.81 9119.294 19526.855
