#	MULTIFAN-CL	Viewer																
#	Fishing	mortality	by	age	class	(across)	and	year	(down)									
	1	2	3	4	5	6	7	8	9	10	11	12	13	14	15			
1930	3.38E-02	1.57E-01	2.59E-02	6.04E-03	1.76E-02	2.73E-02	3.13E-02	3.24E-02	3.24E-02	3.24E-02	3.24E-02	3.24E-02	3.24E-02	3.24E-02	3.24E-02	5.58E-01	3.72E-02	3.24E-02
1931	4.66E-02	2.16E-01	3.57E-02	8.32E-03	2.43E-02	3.77E-02	4.31E-02	4.46E-02	4.47E-02	4.47E-02	4.47E-02	4.47E-02	4.47E-02	4.47E-02	4.47E-02	7.69E-01		
1932	4.18E-02	1.94E-01	3.21E-02	7.48E-03	2.18E-02	3.38E-02	3.87E-02	4.01E-02	4.02E-02	4.02E-02	4.02E-02	4.02E-02	4.02E-02	4.02E-02	4.02E-02	6.92E-01		
1933	4.16E-02	1.93E-01	3.18E-02	7.43E-03	2.16E-02	3.36E-02	3.85E-02	3.98E-02	3.99E-02	3.99E-02	3.99E-02	3.99E-02	3.99E-02	3.99E-02	3.99E-02	6.87E-01		
1934	5.91E-02	2.75E-01	4.53E-02	1.06E-02	3.08E-02	4.78E-02	5.47E-02	5.66E-02	5.67E-02	5.67E-02	5.67E-02	5.67E-02	5.67E-02	5.67E-02	5.67E-02	9.76E-01		
1935	6.12E-02	2.84E-01	4.69E-02	1.09E-02	3.19E-02	4.95E-02	5.67E-02	5.87E-02	5.87E-02	5.87E-02	5.87E-02	5.87E-02	5.87E-02	5.87E-02	5.87E-02	1.01E+00		
1936	4.89E-02	2.27E-01	3.75E-02	8.74E-03	2.55E-02	3.96E-02	4.53E-02	4.69E-02	4.70E-02	4.70E-02	4.70E-02	4.70E-02	4.70E-02	4.70E-02	4.70E-02	8.08E-01		
1937	3.79E-02	1.76E-01	2.91E-02	6.78E-03	1.98E-02	3.07E-02	3.51E-02	3.64E-02	3.64E-02	3.64E-02	3.64E-02	3.64E-02	3.64E-02	3.64E-02	3.64E-02	6.27E-01		
1938	4.05E-02	1.88E-01	3.11E-02	7.25E-03	2.11E-02	3.28E-02	3.75E-02	3.89E-02	3.89E-02	3.89E-02	3.89E-02	3.89E-02	3.89E-02	3.89E-02	3.89E-02	6.70E-01		
1939	5.18E-02	2.41E-01	3.97E-02	9.27E-03	2.70E-02	4.19E-02	4.80E-02	4.97E-02	4.98E-02	4.98E-02	4.98E-02	4.98E-02	4.98E-02	4.98E-02	4.98E-02	8.57E-01		
1940	3.84E-02	1.78E-01	2.94E-02	6.86E-03	2.00E-02	3.10E-02	3.55E-02	3.68E-02	3.68E-02	3.68E-02	3.68E-02	3.68E-02	3.68E-02	3.68E-02	3.68E-02	6.34E-01		
1941	3.45E-02	1.61E-01	2.65E-02	6.17E-03	1.80E-02	2.79E-02	3.20E-02	3.31E-02	3.32E-02	3.32E-02	3.32E-02	3.32E-02	3.32E-02	3.32E-02	3.32E-02	5.71E-01		
1942	3.83E-02	1.78E-01	2.93E-02	6.84E-03	1.99E-02	3.09E-02	3.54E-02	3.67E-02	3.67E-02	3.67E-02	3.67E-02	3.67E-02	3.67E-02	3.67E-02	3.67E-02	6.32E-01		
1943	4.71E-02	2.19E-01	3.61E-02	8.42E-03	2.45E-02	3.81E-02	4.36E-02	4.51E-02	4.52E-02	4.52E-02	4.52E-02	4.52E-02	4.52E-02	4.52E-02	4.52E-02	7.78E-01		
1944	4.83E-02	2.24E-01	3.70E-02	8.63E-03	2.52E-02	3.91E-02	4.47E-02	4.63E-02	4.64E-02	4.64E-02	4.64E-02	4.64E-02	4.64E-02	4.64E-02	4.64E-02	7.98E-01		
1945	7.14E-02	3.32E-01	5.47E-02	1.28E-02	3.72E-02	5.77E-02	6.61E-02	6.85E-02	6.85E-02	6.85E-02	6.85E-02	6.85E-02	6.85E-02	6.85E-02	6.85E-02	1.18E+00		
1946	7.44E-02	3.46E-01	5.70E-02	1.33E-02	3.88E-02	6.02E-02	6.89E-02	7.13E-02	7.14E-02	7.14E-02	7.14E-02	7.14E-02	7.14E-02	7.14E-02	7.14E-02	1.23E+00		
1947	7.47E-02	3.47E-01	5.73E-02	1.34E-02	3.89E-02	6.04E-02	6.92E-02	7.16E-02	7.17E-02	7.17E-02	7.17E-02	7.17E-02	7.17E-02	7.17E-02	7.17E-02	1.23E+00		
1948	7.32E-02	3.40E-01	5.61E-02	1.31E-02	3.81E-02	5.92E-02	6.78E-02	7.02E-02	7.02E-02	7.02E-02	7.02E-02	7.02E-02	7.02E-02	7.02E-02	7.02E-02	1.21E+00		
1949	1.08E-01	5.00E-01	8.25E-02	1.93E-02	5.61E-02	8.71E-02	9.97E-02	1.03E-01	1.03E-01	1.03E-01	1.03E-01	1.03E-01	1.03E-01	1.03E-01	1.03E-01	1.78E+00		
1950	1.66E-01	7.73E-01	1.27E-01	2.97E-02	8.67E-02	1.35E-01	1.54E-01	1.59E-01	1.60E-01	1.60E-01	1.60E-01	1.60E-01	1.60E-01	1.60E-01	1.60E-01	2.75E+00		
1951	1.49E-01	6.93E-01	1.14E-01	2.67E-02	7.77E-02	1.21E-01	1.38E-01	1.43E-01	1.43E-01	1.43E-01	1.43E-01	1.43E-01	1.43E-01	1.43E-01	1.43E-01	2.46E+00		
1952	1.71E-01	7.94E-01	1.31E-01	3.06E-02	8.90E-02	1.38E-01	1.58E-01	1.64E-01	1.64E-01	1.64E-01	1.64E-01	1.64E-01	1.64E-01	1.64E-01	1.64E-01	2.82E+00		
1953	1.68E-01	7.47E-01	1.76E-01	4.45E-02	9.51E-02	1.47E-01	1.68E-01	1.74E-01	1.75E-01	1.75E-01	1.75E-01	1.75E-01	1.75E-01	1.75E-01	1.75E-01	2.94E+00		
1954	1.54E-01	6.66E-01	1.89E-01	4.91E-02	9.17E-02	1.41E-01	1.62E-01	1.68E-01	1.68E-01	1.68E-01	1.68E-01	1.68E-01	1.68E-01	1.68E-01	1.68E-01	2.79E+00		
1955	5.25E-02	2.31E-01	5.85E-02	1.50E-02	3.03E-02	4.67E-02	5.35E-02	5.54E-02	5.55E-02	5.55E-02	5.55E-02	5.55E-02	5.55E-02	5.55E-02	5.55E-02	9.31E-01		
1956	1.05E-01	4.71E-01	1.05E-01	2.64E-02	5.88E-02	9.10E-02	1.04E-01	1.08E-01	1.08E-01	1.08E-01	1.08E-01	1.08E-01	1.08E-01	1.08E-01	1.08E-01	1.83E+00		
1957	1.33E-01	5.58E-01	1.82E-01	4.85E-02	8.31E-02	1.28E-01	1.47E-01	1.52E-01	1.52E-01	1.52E-01	1.52E-01	1.52E-01	1.52E-01	1.52E-01	1.52E-01	2.49E+00		
1958	1.71E-01	6.98E-01	2.65E-01	7.42E-02	1.19E-01	1.82E-01	2.08E-01	2.16E-01	2.16E-01	2.16E-01	2.16E-01	2.16E-01	2.16E-01	2.16E-01	2.16E-01	3.45E+00		
1959	1.51E-01	6.05E-01	2.47E-01	6.97E-02	1.06E-01	1.62E-01	1.86E-01	1.93E-01	1.93E-01	1.93E-01	1.93E-01	1.93E-01	1.93E-01	1.93E-01	1.93E-01	3.07E+00		
1960	1.31E-01	5.21E-01	2.19E-01	6.42E-02	1.00E-01	1.54E-01	1.76E-01	1.82E-01	1.83E-01	1.83E-01	1.83E-01	1.83E-01	1.83E-01	1.83E-01	1.83E-01	2.83E+00		
1961	1.01E-01	3.76E-01	2.05E-01	6.03E-02	8.14E-02	1.24E-01	1.42E-01	1.47E-01	1.47E-01	1.47E-01	1.47E-01	1.47E-01	1.47E-01	1.47E-01	1.47E-01	2.27E+00		
1962	1.43E-01	5.62E-01	2.45E-01	8.16E-02	1.44E-01	2.23E-01	2.56E-01	2.65E-01	2.65E-01	2.65E-01	2.65E-01	2.65E-01	2.65E-01	2.65E-01	2.65E-01	3.78E+00		
1963	1.49E-01	5.70E-01	2.72E-01	1.10E-01	2.20E-01	3.43E-01	3.93E-01	4.07E-01	4.08E-01	4.08E-01	4.08E-01	4.08E-01	4.08E-01	4.08E-01	4.08E-01	5.32E+00		
1964	1.74E-01	6.75E-01	3.06E-01	1.25E-01	2.58E-01	4.02E-01	4.62E-01	4.79E-01	4.79E-01	4.79E-01	4.79E-01	4.79E-01	4.79E-01	4.79E-01	4.79E-01	6.24E+00		
1965	1.33E-01	4.87E-01	2.69E-01	1.20E-01	2.48E-01	3.85E-01	4.42E-01	4.58E-01	4.59E-01	4.59E-01	4.59E-01	4.59E-01	4.59E-01	4.59E-01	4.59E-01	5.75E+00		
1966	1.56E-01	6.20E-01	2.53E-01	9.72E-02	1.98E-01	3.08E-01	3.53E-01	3.66E-01	3.67E-01	3.67E-01	3.67E-01	3.67E-01	3.67E-01	3.67E-01	3.67E-01	4.92E+00		
1967	1.76E-01	6.81E-01	3.18E-01	1.28E-01	2.55E-01	3.96E-01	4.54E-01	4.71E-01	4.71E-01	4.71E-01	4.71E-01	4.71E-01	4.71E-01	4.71E-01	4.71E-01	6.18E+00		
1968	1.32E-01	5.19E-01	2.26E-01	8.80E-02	1.78E-01	2.77E-01	3.18E-01	3.29E-01	3.30E-01	3.30E-01	3.30E-01	3.30E-01	3.30E-01	3.30E-01	3.30E-01	4.37E+00		
1969	1.30E-01	5.02E-01	2.35E-01	1.20E-01	2.75E-01	4.30E-01	4.94E-01	5.12E-01	5.12E-01	5.12E-01	5.12E-01	5.12E-01	5.12E-01	5.12E-01	5.12E-01	6.28E+00		
1970	1.10E-01	4.07E-01	2.42E-01	1.78E-01	3.07E-01	4.10E-01	4.47E-01	4.56E-01	4.57E-01	4.57E-01	4.57E-01	4.57E-01	4.57E-01	4.57E-01	4.57E-01	5.75E+00		
1971	1.36E-01	5.21E-01	2.69E-01	2.04E-01	3.63E-01	4.85E-01	5.29E-01	5.41E-01	5.41E-01	5.41E-01	5.41E-01	5.41E-01	5.41E-01	5.41E-01	5.41E-01	6.83E+00		
1972	1.16E-01	4.86E-01	1.64E-01	1.26E-01	3.12E-01	4.71E-01	5.36E-01	5.54E-01	5.54E-01	5.54E-01	5.54E-01	5.54E-01	5.54E-01	5.54E-01	5.54E-01	6.64E+00		
1973	8.40E-02	3.35E-01	1.41E-01	1.39E-01	3.53E-01	5.37E-01	6.11E-01	6.32E-01	6.33E-01	6.33E-01	6.33E-01	6.33E-01	6.33E-01	6.33E-01	6.33E-01	7.26E+00		
1974	9.93E-02	3.91E-01	1.74E-01	1.33E-01	2.99E-01	4.43E-01	5.01E-01	5.17E-01	5.18E-01	5.18E-01	5.18E-01	5.18E-01	5.18E-01	5.18E-01	5.18E-01	6.18E+00		
1975	8.03E-02	2.92E-01	1.67E-01	1.51E-01	3.28E-01	4.81E-01	5.43E-01	5.60E-01	5.61E-01	5.61E-01	5.61E-01	5.61E-01	5.61E-01	5.61E-01	5.61E-01	6.53E+00		
1976	1.32E-01	4.88E-01	2.72E-01	2.02E-01	4.56E-01	6.88E-01	7.83E-01	8.09E-01	8.10E-01	8.10E-01	8.10E-01	8.10E-01	8.10E-01	8.10E-01	8.10E-01	9.50E+00		
1977	1.20E-01	4.48E-01	2.34E-01	1.93E-01	4.56E-01	6.92E-01	7.89E-01	8.16E-01	8.17E-01	8.17E-01	8.17E-01	8.17E-01	8.17E-01	8.17E-01	8.17E-01	9.47E+00		
1978	1.69E-01	6.87E-01	2.61E-01	1.52E-01	3.61E-01	5.55E-01	6.35E-01	6.57E-01	6.58E-01	6.58E-01	6.58E-01	6.58E-01	6.58E-01	6.58E-01	6.58E-01	8.08E+00		
1979	1.38E-01	5.17E-01	2.78E-01	1.63E-01	3.43E-01	5.14E-01	5.84E-01	6.03E-01	6.04E-01	6.04E-01	6.04E-01	6.04E-01	6.04E-01	6.04E-01	6.04E-01	7.37E+00		
1980	9.12E-02	3.22E-01	2.11E-01	1.25E-01	2.56E-01	3.84E-01	4.35E-01	4.49E-01	4.50E-01	4.50E-01	4.50E-01	4.50E-01	4.50E-01	4.50E-01	4.50E-01	5.42E+00		
1981	7.87E-02	2.85E-01	1.73E-01	1.22E-01	2.52E-01	3.68E-01	4.15E-01	4.28E-01	4.28E-01	4.28E-01	4.28E-01	4.28E-01	4.28E-01	4.28E-01	4.28E-01	5.12E+00		
1982	9.13E-02	3.26E-01	2.04E-01	1.25E-01	2.75E-01	4.20E-01	4.79E-01	4.96E-01	4.97E-01	4.97E-01	4.97E-01	4.97E-01	4.97E-01	4.97E-01	4.97E-01	5.89E+00		
1983	1.22E-01	4.33E-01	2.72E-01	1.60E-01	3.37E-01	5.12E-01	5.84E-01	6.04E-01	6.05E-01	6.05E-01	6.05E-01	6.05E-01	6.05E-01	6.05E-01	6.05E-01	7.26E+00		
1984	8.94E-02	3.46E-01	1.60E-01	1.42E-01	3.56E-01	5.45E-01	6.23E-01	6.45E-01	6.45E-01	6.45E-01	6.45E-01	6.45E-01	6.45E-01	6.45E-01	6.45E-01	7.42E+00		
1985	9.90E-02	3.62E-01	2.09E-01	1.42E-01	3.26E-01	4.99E-01	5.70E-01	5.90E-01	5.90E-01	5.90E-01	5.90E-01	5.90E-01	5.90E-01	5.90E-01	5.90E-01	6.93E+00		
1986	1.12E-01	3.93E-01	2.59E-01	1.78E-01	4.25E-01	6.59E-01	7.55E-01	7.83E-01	7.84E-01	7.84E-01	7.84E-01	7.84E-01	7.84E-01	7.84E-01	7.84E-01	9.05E+00		
1987	1.13E-01	3.86E-01	2.80E-01	1.27E-01	2.28E-01	3.44E-01	3.92E-01	4.06E-01	4.06E-01	4.06E-01	4.06E-01	4.06E-01	4.06E-01	4.06E-01	4.06E-01	5.12E+00		
1988	1.25E-01	4.51E-01	2.73E-01	1.02E-01	1.51E-01	2.21E-01	2.49E-01	2.57E-01	2.57E-01	2.57E-01	2.57E-01	2.57E-01	2.57E-01	2.57E-01	2.57E-01	3.63E+00		
1989	1.24E-01	4.36E-01	2.88E-01	9.89E-02	1.33E-01	1.94E-01	2.18E-01	2.25E-01	2.26E-01	2.26E-01	2.26E-01	2.26E-01	2.26E-01	2.26E-01	2.26E-01	3.29E+00		
1990	1.27E-01	4.66E-01	2.67E-01	1.25E-01	2.02E-01	2.90E-01	3.26E-01	3.36E-01	3.36E-01	3.36E-01	3.36E-01	3.36E-01	3.36E-01	3.36E-01	3.36E-01	4.49E+00		
1991	9.90E-02	3.90E-01	1.73E-01	8.31E-02	1.56E-01	2.30E-01	2.60E-01	2.68E-01	2.68E-01	2.68E-01	2.68E-01	2.68E-01	2.68E-01	2.68E-01	2.68E-01	3.54E+00		
1992	1.00E-01	3.67E-01	2.09E-01	9.29E-02	1.54E-01	2.25E-01	2.54E-01	2.62E-01	2.62E-01	2.62E-01	2.62E-01	2.62E-01	2.62E-01	2.62E-01	2.62E-01	3.50E+00		
1993	1.26E-01	4.80E-01	2.34E-01	1.37E-01	2.69E-01	3.96E-01	4.48E-01	4.63E-01	4.63E-01	4.63E-01	4.63E-01	4.63E-01	4.63E-01	4.63E-01	4.63E-01	5.80E+00		
1994	1.42E-01	5.37E-01	2.72E-01	1.37E-01	2.63E-01	3.92E-01	4.45E-01	4.60E-01	4.61E-01	4.61E-01	4.61E-01	4.61E-01	4.61E-01	4.61E-01	4.61E-01	5.87E+00		
1995	1.84E-01	6.91E-01	3.60E-01	1.88E-01	3.43E-01	5.03E-01	5.67E-01	5.86E-01	5.86E-01	5.86E-01	5.86E-01	5.86E-01	5.86E-01	5.86E-01	5.86E-01	7.53E+00		
1996	1.56E-01	5.56E-01	3.45E-01	1.62E-01	2.76E-01	4.05E-01	4.58E-01	4.72E-01	4.73E-01	4.73E-01	4.73E-01	4.73E-01	4.73E-01	4.73E-01	4.73E-01	6.14E+00		
1997	1.54E-01	5.64E-01	3.26E-01	1.47E-01	2.54E-01	3.75E-01	4.24E-01	4.38E-01	4.38E-01	4.38E-01	4.38E-01	4.38E-01	4.38E-01	4.38E-01	4.38E-01	5.75E+00		
1998	1.13E-01	4.25E-01	2.26E-01	1.16E-01	2.19E-01	3.24E-01	3.66E-01	3.78E-01	3.79E-01	3.79E-01	3.79E-01	3.79E-01	3.79E-01	3.79E-01	3.79E-01	4.82E+00		
1999	1.22E-01	4.42E-01	2.64E-01	1.73E-01	3.66E-01	5.49E-01	6.24E-01	6.45E-01	6.46E-01	6.46E-01	6.46E-01	6.46E-01	6.46E-01	6.46E-01	6.46E-01	7.70E+00		
2000	1.13E-01	3.91E-01	2.64E-01	1.73E-01	3.58E-01	5.34E-01	6.06E-01	6.26E-01	6.27E-01	6.27E-01	6.27E-01	6.27E-01	6.27E-01	6.27E-01	6.27E-01	7.45E+00		
2001	8.47E-02	2.98E-01	1.94E-01	1.48E-01	3.09E-01	4.53E-01	5.11E-01	5.27E-01	5.28E-01	5.28E-01	5.28E-01	5.28E-01	5.28E-01	5.28E-01	5.28E-01	6.22E+00		
2002	7.49E-02	2.44E-01	1.98E-01	1.26E-01	2.44E-01	3.60E-01	4.08E-01	4.21E-01	4.22E-01	4.22E-01	4.22E-01	4.22E-01	4.22E-01	4.22E-01	4.22E-01	5.03E+00		
2003	8.88E-02	3.01E-01	2.20E-01	1.25E-01	2.41E-01	3.59E-01	4.08E-01	4.21E-01	4.22E-01	4.22E-01	4.22E-01	4.22E-01	4.22E-01	4.22E-01	4.22E-01	5.11E+00		
2004	9.15E-02	3.22E-01	2.11E-01	1.14E-01	2.12E-01	3.12E-01	3.52E-01	3.63E-01	3.64E-01	3.64E-01	3.64E-01	3.64E-01	3.64E-01	3.64E-01	3.64E-01	4.52E+00		
2005	1.34E-01	4.64E-01	3.20E-01	1.51E-01	2.49E-01	3.60E-01	4.05E-01	4.17E-01	4.18E-01	4.18E-01	4.18E-01	4.18E-01	4.18E-01	4.18E-01	4.18E-01	5.42E+00		
2006	1.28E-01	4.17E-01	3.40E-01	1.41E-01	2.18E-01	3.22E-01	3.64E-01	3.76E-01	3.77E-01	3.77E-01	3.77E-01	3.77E-01	3.77E-01	3.77E-01	3.77E-01	4.94E+00		
2007	7.95E-02	2.72E-01	1.94E-01	8.46E-02	1.44E-01	2.16E-01	2.46E-01	2.54E-01	2.54E-01	2.54E-01	2.54E-01	2.54E-01	2.54E-01	2.54E-01	2.54E-01	3.27E+00		
