Weight in the stock estimated using West (0-12 years)
1 4
1972 2002
0 9
1
0.008 0.132 0.178 0.243 0.411 0.355 0.398 0.433 0.459 0.520394491202927
0.008 0.132 0.177 0.242 0.301 0.438 0.398 0.433 0.459 0.513563011951611
0.008 0.13 0.173 0.238 0.296 0.322 0.469 0.433 0.459 0.509778618563629
0.008 0.129 0.171 0.236 0.294 0.318 0.365 0.497 0.459 0.507784263915634
0.008 0.128 0.17 0.236 0.293 0.318 0.365 0.419 0.512 0.521465788732263
0.008 0.127 0.167 0.233 0.289 0.313 0.361 0.416 0.446 0.53818522871266
0.008 0.111 0.175 0.238 0.3 0.346 0.382 0.41 0.432 0.484487066656924
0.008 0.11 0.174 0.237 0.299 0.345 0.38 0.408 0.43 0.500260707759715
0.008 0.109 0.173 0.236 0.297 0.343 0.379 0.407 0.429 0.472623414620339
0.008 0.087 0.186 0.252 0.313 0.323 0.378 0.419 0.434 0.461454032590112
0.008 0.086 0.135 0.221 0.28 0.385 0.353 0.408 0.437 0.483315210323495
0.008 0.086 0.172 0.235 0.28 0.339 0.377 0.404 0.439 0.520028425332229
0 0.081 0.194 0.253 0.295 0.324 0.393 0.436 0.441 0.520403572137092
0 0.085 0.165 0.293 0.306 0.341 0.384 0.43 0.459 0.527347368901392
0 0.077 0.179 0.267 0.304 0.356 0.351 0.416 0.473 0.477272697284634
0 0.078 0.148 0.24 0.286 0.374 0.386 0.411 0.429 0.485485448773517
0 0.072 0.156 0.237 0.301 0.329 0.423 0.445 0.432 0.508834414303566
0 0.076 0.177 0.244 0.306 0.352 0.38 0.429 0.474 0.485106882817143
0 0.074 0.138 0.222 0.287 0.339 0.373 0.414 0.409 0.479210377197265
0 0.075 0.155 0.23 0.307 0.357 0.409 0.432 0.502 0.559434701221291
0 0.078 0.212 0.259 0.31 0.362 0.402 0.424 0.462 0.532205039798362
0 0.078 0.197 0.268 0.315 0.36 0.416 0.454 0.465 0.534323002016879
0 0.079 0.178 0.237 0.301 0.361 0.413 0.466 0.47 0.538049032437813
0 0.081 0.164 0.267 0.326 0.398 0.448 0.491 0.508 0.565249554741437
0 0.076 0.133 0.251 0.317 0.366 0.444 0.462 0.501 0.585019350581616
0 0.076 0.186 0.228 0.296 0.361 0.402 0.445 0.478 0.530831686198887
0 0.077 0.149 0.223 0.285 0.342 0.4 0.426 0.466 0.528572091210848
0 0.081 0.194 0.242 0.301 0.353 0.396 0.423 0.44 0.49130797483121
0 0.074 0.185 0.235 0.289 0.35 0.39 0.426 0.447 0.503183141053956
0 0.078 0.164 0.241 0.342 0.39 0.446 0.459 0.499 0.558770730689389
0 0.078 0.181 0.239 0.311 0.364 0.411 0.436 0.462 0.519450800978953
