Simulated number at age in the catch (in thousands)
1 2
1972 2002
0 9
1
3769.655 3076.963 19739.563 38697.121 66454.087 25778.76 25601.288 29135.081 17953.538 19843.552
2371.221 6498.382 3022.764 16536.312 23557.678 28503.648 10692.788 10420.751 9412.91 12471.122
3276.415 9969.851 15615.865 6222.332 25059.045 25632.029 30167.272 11171.599 8764.065 18617.48
4202.159 12938.253 22367.3 29705.448 8595.436 24600.515 24333.505 28079.512 8351.378 20940.002
3388.605 12553.276 21934.108 32094.591 30803.761 6291.026 17373.734 16811.704 15502.934 16458.241
2601.745 7472.439 15809.546 23640.37 25316.021 17263.821 3420.395 9301.052 7180.748 13578.773
3719.862 8093.325 13328.685 24295.615 26896.979 20713.784 13772.666 2701.839 5899.143 12964.232
4021.483 17888.437 22191.087 31175.733 41649.628 33045.934 24708.807 16180.771 2558.285 18002.288
3681.195 13215.668 33372.848 35060.753 35655.176 33701.156 25820.903 18901.442 9909.116 12636.467
6764.992 13706.757 27841.034 59192.795 44722.487 32073.707 29194.349 21825.492 12803.749 14142.48
1853.044 13033.091 15037.566 26012.449 40152.142 21382.067 14823.836 13233.819 7862.55 9633.801
2259.885 5968.064 24034.911 23833.794 30430.523 33711.739 17481.19 11981.454 8587.307 11522.23
2564.885 9997.495 15043.602 51624.139 37444.596 34189.737 36742.281 18746.969 10343.291 18569.949
2522.948 7951.4 17612.98 22485.183 55959.757 28737.825 25358.36 26705.784 10902.149 17148.35
2843.051 6434.515 11569.003 21888.157 20417.871 36110.162 17978.23 15606.78 13133.273 13920.148
4548.491 13660.845 17557.327 26742.456 36758.916 24429.552 41791.953 20402.915 14265.566 25166.114
3231.806 12444.594 21191.845 23019.281 25267.382 24433.43 15649.032 26153.711 10183.367 20045.665
3198.854 8284.581 18186.407 26420.288 20936.191 16310.796 15280.461 9620.253 12843.596 15186.639
2052.889 16339.77 23976.599 44414.69 46670.968 26288.435 19774.018 18124.392 9195.925 27418.526
5387.738 4967.728 22401.143 27745.568 36927.458 27189.795 14739.457 10815.75 7884.956 15557.526
2495.199 13206.677 6951.419 26804.32 24289.35 22986.64 16417.407 8761.232 5135.845 11078.853
1318.295 9520.398 28769.518 12949.063 36650.47 23775.833 21858.944 15389.935 6601.519 12150.187
4055.58 6226.513 25440.825 64717.675 20991.702 42087.587 26318.737 23630.943 13388.509 15218.719
1891.176 11294.29 9790.946 33570.912 60960.912 13810.758 26576.13 16158.37 11551.835 14386.235
3994.233 5121.898 17357.288 12734.579 31522.296 40319.512 8809.723 16576.519 8039.804 13194.24
3811.347 13307.12 9695.325 27864.643 14828.359 26012.108 32156.628 6885.588 10377.563 13718.383
3131.249 12391.967 24563.413 15157.721 31535.965 11872.203 20111.262 24340.86 4171.861 15123.003
771.933 9646.732 21684.141 36434.009 16285.012 23963.984 8713.852 14456.462 13994.706 11011.722
3188.01 2605.649 18484.784 35184.998 42799.308 13540.135 19241.56 6850.143 9101.911 15967.352
1248.647 9753.4 4525.981 27197.115 37459.813 32201.5 9835.562 13681.815 3894.787 14602.823
1163.405 3721.806 16533.943 6518.212 28448.769 27761.537 23077.404 6912.869 7691.403 10227.06
