Simulated number at age in the catch (in thousands)
1 2
1972 2002
0 9
1
4196.769 3921.095 19047.054 6686.98 24826.053 18931.243 8790.386 12031.847 7088.042 11929.5
5035.246 17511.047 9248.124 37760.731 9524.299 24955.602 18319.074 8295.121 9115.474 15190.279
1952.379 9547.055 18875.796 8465.967 24991.29 4426.439 11191.304 8040.51 2889.327 8933.365
3393.93 6739.918 18831.407 31881.471 10507.461 22202.25 3822.008 9531.531 5498.549 7891.653
1270.883 10159.788 11531.749 27606.175 34337.538 8088.75 16609.647 2820.314 5637.548 7680.508
2061.228 6786.456 30747.14 29462.483 51062.974 45196.926 10283.694 20669.131 2830.388 13383.646
1057.967 4349.91 8130.845 31207.883 21566.307 26225.89 22375.495 4976.356 7944.989 6062.475
2728.37 2968.163 6976.406 11176.769 31517.471 15558.008 18385.751 15473.303 2756.15 8073.271
4090.05 12817.831 7932.463 15842.454 18506.805 37263.668 17820.261 20688.006 14022.85 9714.285
2766.175 8324.402 14885.457 7871.66 11473.714 9493.99 18522.135 8710.064 8053.559 9446.641
3439.831 14194.25 24305.008 36942.859 14260.451 14866.068 11922.831 22861.974 8669.459 18629.504
2841.302 7517.571 17675.827 25801.035 28541.723 7791.746 7860.804 6190.49 9456.29 11363.577
4010.001 12834.775 19321.796 38617.363 41109.599 32462.635 8586.036 8510.436 5395.171 19224.578
2993.976 9541.846 17399.012 22320.463 32474.319 24474.974 18706.159 4858.39 3841.047 10778.187
3946.02 14710.466 26592.553 40997.05 38121.645 39462.608 28740.951 21514.725 4501.313 12892.632
4149.22 12003.898 25282.963 38392.273 42348.518 27588.21 27438.604 19451.52 11618.04 9191.728
3224.663 9605.283 15799.438 28260.537 31082.839 24168.328 15205.642 14813.535 8362.896 8548.822
3479.68 9779.884 16637.719 23417.945 30724.354 24126.191 18217.521 11296.13 8819.634 10492.655
1141.577 12804.782 20522.216 29792.395 30688.591 28752.302 21905.568 16281.516 8108.154 14557.63
4286.044 5066.815 32160.981 43406.229 45405.146 33103.504 29894.578 22242.778 13290.371 19624.011
1292.12 8399.011 5644.373 30420.833 29686.066 21815.786 15347.978 13565.796 8014.184 12022.817
2759.142 3559.871 13255.219 7661.882 30480.983 21320.713 15256.928 10612.758 7517.992 11196.131
2940.891 10930.384 8066.36 25763.836 10978.333 31372.758 21358.072 15098.469 8449.802 14942.511
3291.809 14458.657 30442.142 18952.211 43755.474 13241.244 36523.155 24319.217 13846.339 21893.574
4721.619 9723.049 24107.901 42575.066 18921.17 30538.043 8870.041 23787.619 12625.575 18776.495
4373.663 15646.781 18192.543 37846.827 47792.404 14891.617 23086.861 6524.837 13982.117 18674.131
1717.789 12155.629 24608.125 24100.165 35970.719 31850.916 9546.025 14425.86 3249.543 16516.35
882.205 3639.011 14692.017 25411.351 18165.11 19213.848 16485.422 4858.64 5851.068 8017.023
4248.364 4623.18 10839.156 37128.708 46774.591 23884.171 24463.941 20607.511 4898.402 13873.139
4734.907 9901.763 6126.695 12199.58 30272.866 26889.073 13261.124 13305.929 8927.134 7877.863
4709.541 15100.129 18021.061 9528.648 13896.961 24605.649 21211.348 10302.16 8287.641 10217.168
