Simulated number at age in the catch (in thousands)
1 2
1972 2002
0 9
1
3804.49 12567.802 22901.248 21661.103 35708.362 20612.45 18712.406 14602.726 10201.828 13166.215
3442.921 11650.93 21928.454 34051.015 23494.11 27538.912 15401.192 13741.625 8587.149 13442.593
3108.315 10603.853 20466.688 32886.239 37345.017 18357.345 20869.641 11485.505 8210.361 13836.543
2922.663 13229.261 25623.807 41886.906 48834.197 39420.05 18732.331 20870.167 9233.915 18200.784
1369.881 7584.298 19501.31 32027.242 37877.806 31142.251 24267.293 11288.422 10030.424 13188.205
2426.605 4713.125 14841.061 32419.349 38717.745 32524.296 25873.409 19783.226 7377.502 15156.913
3814.731 9822.008 10790.897 28595.471 44932.916 37890.993 30656.385 23797.607 14603.218 16684.621
1676.306 10152.599 14794.997 13695.977 26039.336 28674.078 23257.903 18342.771 11340.291 15202.157
2963.494 3494.522 12085.082 15067.123 10199.274 13760.601 14694.408 11731.342 7374.947 11023.664
4574.115 17345.243 11611.876 34001.39 30823.887 14904.643 19459.384 20382.495 13142.215 20815.204
2825.602 8315.102 17954.619 10235.726 21746.655 13879.485 6485.912 8303.019 6904.751 11987.014
1888.1 15056.042 25175.688 46098.336 19131.956 29030.219 17938.207 8227.629 8496.458 19354.208
3029.476 6289.783 28318.771 39729.759 52019.626 15138.208 22064.928 13266.527 4862.671 16395.611
1538.952 7309.38 8608.569 32786.368 33147.235 30483.231 8548.463 12173.392 5825.396 9069.586
4488.112 6201.137 16693.501 16602.668 45685.638 32713.905 29030.12 7961.575 9103.034 10776.623
3840.1 12782.143 10004.104 22723.92 16257.097 31442.185 21681.013 18778.247 4108.6 10127.367
4505.729 13504.597 25451.886 16793.718 27465.582 13858.568 25823.873 17385.839 12058.023 9136.06
4252.363 9562.415 16319.436 26187.966 12551.637 14490.052 7069.698 12923.122 6924.84 8909.55
4012.434 18893.118 24172.791 35065.351 41029.804 14033.527 15694.776 7522.772 11067.169 14004.652
1522.555 14691.666 39116.721 42095.243 43850.766 36137.738 11895.414 12971.574 4980.26 17083.805
3193.215 4092.428 22364.23 50226.337 38840.145 28392.971 22521.725 7232.172 6284.188 11258.723
2928.97 7716.045 5637.946 26288.484 43059.382 23613.986 16721.68 13036.992 3341.374 7906.334
2773.006 11008.716 16543.385 10321.078 35252.064 41269.245 21967.315 15318.68 9595.643 8014.595
3373.015 8442.683 19105.3 24485.728 11155.012 27110.76 30762.668 16102.177 8992.479 10178.214
4684.03 15257.283 21641.868 41343.801 38306.899 12382.95 29049.144 32243.542 13576.054 16997.54
3097.819 10659.198 19716.722 23702.562 32697.944 21299.175 6640.616 15236.264 13454.182 13290.488
2609.806 11622.298 22741.587 35726.814 31242.715 30649.84 19320.818 5911.42 10887.362 20282.376
3112.989 6910.835 17525.789 29200.048 33386.955 20691.387 19645.841 12158.967 2971.647 16015.826
4305.534 14202.666 17876.921 38304.336 46191.049 37508.252 22448.641 20861.432 10388.217 16180.799
4131.882 12749.181 23781.49 25182.156 38672.064 32702.657 25532.447 14887.2 11036.764 13961.242
3399.991 9404.006 16518.654 26224.814 20172.112 21884.003 17894.934 13705.382 6366.736 10241.798
