Simulated number at age in the catch (in thousands)
1 2
1972 2002
0 9
1
2103.172 3774.418 17871.798 26475.631 27883.135 22649.077 18023.146 13208.899 9934.308 13034.11
2801.503 5817.976 5979.331 24340.089 26598.923 20070.279 15870.535 12482.864 7331.562 12807.04
3175.948 9883.242 11754.989 10386.47 31238.379 24537.42 18036.927 14106.673 8917.968 14830.946
1749.272 9721.799 17324.297 17712.115 11550.043 24918.829 19058.704 13849.855 8691.179 14804.448
1855.568 8831.676 27915.541 42251.961 31498.632 14677.324 30678.09 23049.178 13503.186 22960.275
3473.974 5907.561 15916.821 42400.684 46142.202 24204.237 10859.155 22146.476 13298.636 20917.542
2301.792 8826.675 8531.601 19510.881 37649.57 28914.851 14649.431 6437.791 10470.658 16373.081
949.782 6323.853 13851.318 11458.96 19213.398 26436.322 19712.749 9841.57 3461.596 14530.175
1980.834 2977.742 11344.831 21331.863 13003.284 15624.283 20918.206 15407.539 6171.959 11083.452
3538.38 7106.306 6104.561 19918.67 27535.477 12023.017 14043.797 18550.281 10976.69 12016.811
3959.519 14354.042 16392.411 11957.654 28394.153 27945.873 11810.902 13540.84 14373.923 17616.922
1459.567 11729.249 24149.618 23374.997 12344.602 20715.398 19688.35 8147.46 7466.002 17624.458
4626.115 6185.579 28096.861 48621.659 33812.942 12605.779 20363.968 18874.507 6272.451 20310.203
948.914 8665.87 6587.376 25410.244 31786.468 15518.678 5582.165 8825.39 6489.996 9249.691
5952.364 4238.3 22023.925 14231.872 40037.611 35748.092 16909.119 5975.883 7604.376 13109.69
3045.165 16871.776 6826.568 30094.318 14091.26 28018.926 24166.739 11197.83 3161.515 10489.838
5008.593 12148.369 38142.591 13028.659 41477.381 13749.06 26374.601 22241.971 8272.932 9973.656
3212.763 15067.575 20678.606 54674.941 13405.931 29970.359 9558.433 17876.741 12033.682 10194.823
1941.469 10824.848 28715.214 33164.978 62963.982 10860.34 23364.203 7265.546 10868.589 13664.187
3216.746 6881.31 21634.705 48043.214 39586.689 52655.392 8716.025 18223.756 4532.309 15799.835
6911.499 9653.753 11642.162 30631.312 48416.231 27832.948 35489.472 5703.274 9502.777 11234.292
4156.75 20836.829 16440.401 16649.249 31325.729 34670.791 19145.031 23755.331 3045.205 11386.289
4631.631 12359.045 35071.5 23322.897 16972 22438.754 23904.825 12876.406 12753.181 7406.769
2598.149 9979.057 15182.994 36770.584 17823.39 9182.556 11756.568 12307.591 5282.324 8389.836
2757.762 12287.314 26853.414 34731.369 61368.234 21249.801 10608.721 13346.973 11255.085 13216.002
966.801 10080.334 25382.524 46614.536 43241.584 53763.264 17906.82 8711.33 8777.119 16547.906
761.879 2431.478 14367.519 30553.162 40360.162 26271.366 31451.882 10224.963 3960.04 12327.679
1909.417 2959.798 5349.444 26655.97 40867.568 38160.507 23946.522 28007.502 7304.437 11115.298
1889.926 6460.501 5650.076 8556.779 30442.066 32695.581 29307.428 17881.066 16713.32 11075.678
1526.75 4869.197 9422.968 6946.871 7550.209 18819.909 19443.991 16992.229 8252.634 13017.515
2289.572 3532.883 6428.664 10629.073 5723.589 4414.869 10666.742 10840.311 7559.393 9791.812
