Simulated number at age in the catch (in thousands)
1 2
1972 2002
0 9
1
3174.753 8026.05 6951.669 28441.982 31648.965 24900.672 15131.504 13077.188 2458.937 9200.288
4955.35 17270.13 24756.509 18117.701 53731.09 42589.327 32382.183 19272.122 13436.62 12469.727
2796.052 9821.626 19457.294 23679.964 12529.059 26105.595 19966.722 14858.235 7022.187 9458.51
1279.32 11662.982 23318.949 39294.879 34886.149 13167.686 26583.848 19980.055 11956.365 13279.888
3427.331 4710.169 24306.852 40951.701 49677.091 31120.206 11316.376 22303.414 13433.11 17472.759
3383.357 10060.517 7825.126 34022.084 41160.997 35061.839 21135.806 7494.805 11786.697 17473.62
7187.227 12791.868 21473.751 14009.77 43599.102 37078.906 30354.841 17812.353 5059.98 20127.455
3376.496 15350.468 15504.331 22033.514 10357.75 22603.315 18522.268 14814.801 6905.227 9884.506
4283.112 14510.155 37423.332 31967.967 32906.361 10984.08 23155.362 18579.212 11946.499 13363.124
4444.877 14661.81 28038.511 60648.728 37037.24 26737.953 8572.581 17581.955 11278.863 15393.301
1992.101 8741.502 16399.093 26649.172 41725.676 17919.174 12489.216 3921.4 6388.159 9759.093
2745.837 8229.21 20570.113 32869.146 39029.972 43642.025 18172.817 12456.965 3145.429 13672.136
3056.431 7360.148 12569.054 26780.372 31193.174 26285.161 28464.974 11646.35 6380.099 8623.206
1952.878 9038.095 12439.108 18199.499 28484.229 23707.881 19412.861 20734.671 6798.607 8564.587
3152.434 6748.732 17845.864 21030.687 22609.634 25328.91 20489.238 16548.478 14192.246 10413.094
1191.765 9784.511 11965.795 27085.288 23427.296 17994.239 19581.817 15616.272 10112.271 15403.003
1799.402 3385.511 15908.899 16710.144 27870.805 17260.64 12900.013 13867.617 8863.609 15437.634
4634.332 10601.916 11309.574 44896.35 34195.945 40672.958 24347.345 17823.932 15475.062 28003.581
636.625 9293.246 12074.33 10918.887 31274.063 16709.403 19160.507 11214.043 6516.708 16414.042
3330.215 2081.077 17344.877 19272.718 12780.817 26149.994 13567.195 15330.301 7197.215 14049.28
1969.75 9914.347 3540.482 25275.43 20624.615 9772.061 19426.557 9939.445 9000.81 12235.531
3979.469 8331.682 23876.373 7256.045 37815.015 22026.734 10115.275 19767.17 8135.146 17211.807
3606.188 14462.571 17148.082 41442.091 9074.641 33387.29 18743.203 8406.784 13163.923 16641.97
3086.916 7207.084 16468.522 16644.502 29250.887 4522.361 16095.864 8869.354 3164.51 11501.126
3560.125 13251.472 17639.587 34383.923 25449.444 32001.54 4801.916 16827.047 7462.04 12305.879
2171.644 8226.542 17492.895 19937.039 28470.446 14991.197 18295.548 2704.454 7567.505 8625.786
3495.626 11186.376 24101.781 43532.26 36185.594 36937.108 18844.536 22594.289 2693.277 16363.265
4089.728 11397.599 20634.168 37427.215 48545.583 28376.964 27875.457 13867.654 13291.704 10563.355
2373.276 8849.175 14039.766 21634.417 28495.96 26088.828 14744.046 14205.744 5625.98 10151.119
1932.965 11731.199 24822.003 33321.109 37254.145 34938.832 30924.038 17125.521 13293.953 14928.104
2179.004 4319.491 14898.405 26752.026 25976.913 20442.168 18504.495 16032.496 7064.481 11670.451
