Simulated number at age in the catch (in thousands)
1 2
1972 2002
0 9
1
4145.652 13446.946 35169.482 36291.939 37342.145 30064.621 17314.271 7653.88 10445.17 16045.881
5671.531 12140.117 22338.11 49417.609 36814.109 26707.233 20738.543 11677.753 4123.146 14237.959
5415.646 17317.338 21067.061 32892.192 52775.432 27832.267 19513.369 14849.512 6688.673 10109.823
3067.036 15458.229 28159.385 29187.393 33215.861 37843.691 19328.558 13314.128 8104.257 9036.61
2568.168 7530.859 21726.899 34002.164 25952.467 21109.479 23394.547 11800.816 6503.247 8482.216
2146.081 16166.527 26894.953 65617.397 74594.743 40674.638 32002.964 34770.304 14178.351 17989.18
2504.017 4963.642 21190.753 29774.134 52210.837 41577.403 21821.719 16752.929 14467.35 14187.216
2902.632 6762.852 7648.694 27895.157 28658.387 35751.488 27609.827 14260.191 8755.721 15625.636
1988.391 8462.784 11283.486 10957.304 29438.491 21655.789 26284.183 20049.143 8301.4 14534.164
1192.461 8479.014 20582.226 23423.211 16669.259 32057.941 22894.974 27368.973 16800.594 19552.431
6695.407 4797.044 19316.147 39537.154 32446.199 16331.653 30282.736 21130.301 20275.823 27677.364
2038.127 11893.706 4857.645 16688.318 24847.3 14383.462 7004.41 12751.229 7067.033 16149.863
2657.801 9746.799 32435.197 11303.46 28469.047 30382.965 17078.238 8192.231 12019.051 22270.882
2886.911 8071.199 16830.397 47564.855 12035.488 21475.649 22160.424 12214.14 4687.258 19993.628
3426.766 9086.679 14457.677 25640.172 52731.598 9472.891 16359.314 16570.957 7313.509 14047.885
5511.935 11573.091 17451.781 23585.021 30403.593 44389.635 7714.221 13069.524 10609.573 12753.344
3289.896 19326.944 23024.207 29374.29 28715.394 26196.22 36922.592 6279.407 8524.512 15169.078
3472.934 8463.852 28285.525 28641.962 26524.859 18332.091 16167.197 22343.325 3032.365 11220.6
2698.68 10702.391 14882.649 42491.301 31495.253 20794.871 13944.696 12107.783 13408.483 8801.609
2938.827 9987.009 22556.174 26707.255 55645.874 29394.956 18807.558 12396.695 8642.11 16303.712
2770.209 8708.977 16851.201 32397.156 27933.221 41313.676 21127.632 13274.676 7001.154 14130.174
2911.097 9489.459 16981.512 27954 39152.892 24009.068 34384.987 17270.175 8700.849 14099.652
991.5 7767.687 14443.433 22071.492 26549.54 26438.187 15717.983 22145.592 8893.138 12436.087
2415.453 3491.492 15609.97 24801.916 27777.227 23875 23081.143 13517.232 15289.922 14100.935
1950.242 6784.03 5601.923 21440.974 24988.529 19966.63 16666.073 15880.312 7446.356 16691.192
3168.314 9344.071 18467.016 12929.229 35989.608 29903.069 23122.168 18934.968 14532.377 22792.747
3536.024 8279.146 13862.805 23209.052 11741.941 23029.6 18461.95 13965.714 9119.793 18512.188
3857.445 11938.705 15893.865 22598.643 27491.624 9871.284 18726.329 14724.878 8926.215 17804.601
1223.964 9537.362 16840.716 19152.053 19896.677 17194.186 5985.212 11170.004 7015.267 12157.693
3366.169 4331.495 19279.517 29135.996 24336.583 18094.887 15194.86 5215.861 7817.768 13533.931
6123.062 14105.95 10311.245 38907.264 42708.504 25373.064 18245.896 15023.626 4145.524 16665.374
