Simulated number at age in the catch (in thousands)
1 2
1972 2002
0 9
1
4856.59 14180.468 38063.652 12962.03 18489.555 33454.575 25779.496 4107.129 17681.53 21123.486
3669.48 14338.341 23695.92 53593.505 13108.049 13132.651 22867.345 17185.042 2184.949 21685.915
2801.346 11789.162 26095.982 36391.301 59280.837 10216.632 9862.743 16771.158 10077.881 13335.081
4064.153 8035.319 19192.735 35967.521 36246.408 41652.094 6926.441 6541.235 8882.967 12288.577
4282.97 13687.504 15364.876 31086.428 42190.833 30101.221 33409.526 5440.416 4115.025 13302.091
3234.3 14702.742 26624.647 25229.591 36807.604 35261.356 24253.361 26302.467 3429.162 10187.437
3502.025 9998.646 25747.776 39342.053 26839.422 27568.257 25442.363 17086.308 14805.775 8148.804
3651.775 8877.885 14421.412 31574.131 35027.489 16894.205 16776.856 15183.388 8135.66 11066.081
5514.623 13530.45 18718.902 25856.103 41239.831 32564.877 15209.114 14832.676 10775.675 13817.649
1889.426 13662.752 19122.731 22594.272 22796.021 25822.486 19765.023 9079.853 7072.422 12442.714
2841.959 5759.24 23834.871 28648.333 24948.415 18037.613 19883.684 15035.879 5540.695 12677.726
4397.04 14907.452 17155.81 60148.122 52559.529 32655.182 22844.628 24700.688 15063.184 17619.37
3376.624 12251.916 23525.309 22837.222 57558.841 35324.321 21128.405 14422.067 12434.398 16705.862
3586.591 9826.744 20262.524 33009.369 23226.915 41400.404 24548.029 14385.479 7848.174 15998.145
3842.308 8380.293 13121.924 23181.211 27693.19 13875.094 24013.282 14033.45 6569.192 11050.393
2147.959 23025.554 28479.629 37685.589 48303.789 41173.161 19944.408 33819.964 15966.532 20594.313
3835.108 6621.85 40003.578 41382.409 38957.291 34838.519 28461.339 13381.312 18090.271 19655.105
2164.574 8562.465 8391.366 42926.251 32021.916 21164.301 18243.49 14566.914 5445.003 15638.39
2531.099 7213.659 16256.754 13574.216 50676.287 26912.787 17236.811 14605.549 9350.156 13874.607
2908.322 6065.72 9885.105 19103.927 11715.072 31186.429 16091.825 10165.342 6885.024 11181.182
4684.872 15944.706 18902.889 26138.925 36811.204 16136.921 41607.417 21081.971 10747.515 19055.529
4039.759 16571.358 31806.697 31572.736 31155.249 30744.887 12935.54 32419.178 13137.326 18050.699
2793.172 7534.941 17571.912 28641.777 20551.334 14235.876 13554.384 5581.148 11097.012 11128.452
1481.87 13974.715 21403.479 42269.085 50047.678 25592.926 17147.44 16007.834 5311.87 21571.519
1843.492 2884.922 15497.115 20223.209 29017.829 24234.704 11984.169 7878.182 5846.946 9910.961
7109.711 10336.755 9175.025 41664.374 39444.191 40351.176 32579.383 15784.889 8375.061 16917.809
1344.818 19267.512 15842.189 11832.218 38485.166 25505.795 25079.033 19721.387 7609.68 12114.562
2775.914 4149.017 33712.769 23435.982 12635.079 28992.062 18531.395 17814.609 11198.324 10499.778
2935.328 7030.086 5984.632 41419.184 20957.342 8003.863 17774.907 11155.533 8560.996 10973.134
1113.828 7701.248 10559.616 7724.621 39398.679 14265.389 5301.383 11631.65 5845.593 10491.962
2485.263 3724.201 14760.637 17427.374 9435.463 34620.108 12220.615 4495.862 7925.794 11501.928
