Simulated number at age in the catch (in thousands)
1 2
1972 2002
0 9
1
1544.592 15839.549 25718.046 37829.227 53090.321 45287.72 30044.985 36256.024 14839.833 18558.712
883.163 4500.569 26084.772 35598.807 37479.1 36838.752 30196.318 19503.565 18765.389 17813.035
1867.75 3103.61 8931.391 43443.045 42433.693 31370.314 29631.55 23643.595 12217.476 23737.582
2467.058 3645.233 3445.418 8427.503 29680.975 20390.796 14555.37 13466.23 8534.35 13399.919
2442.002 9504.817 8011.447 6465.763 11587.558 29180.146 19459.789 13680.584 10172.574 17063.029
3767.274 9530.796 21048.766 15010.731 8771.981 11147.506 27112.87 17702.382 9989.874 20207.802
3133.519 8935.706 12862.751 24155.632 12502.173 5159.812 6338.219 15115.016 7865.67 13057.763
985.126 15225.312 24597.717 29875.518 40559.081 14907.286 5938.664 7135.448 13702.616 19156.04
2646.587 1801.168 15843.113 21777.424 19167.908 18302.555 6497.618 2536.493 2418.958 11209.895
4962.666 15192.207 5861.341 43545.058 43383.744 27214.828 25112.62 8730.897 2751.645 14387.803
3378.653 11608.802 20136.082 6558.838 35007.808 24427.586 14746.895 13274.876 3668.738 6926.556
2996.989 13316.263 25925.76 37958.281 8926.098 33716.391 22694.034 13393.453 9675.957 7180.777
6107.313 8946.407 22496.193 36896.452 38792.523 6407.238 23289.204 15286.245 7200.748 8624.091
2435.166 14950.779 12461.749 26646.627 31728.702 23574.197 3764.262 13417.454 7022.976 7642.35
2049.099 11441.505 39809.609 28013.116 43320.591 36626.919 26272.306 4104.304 11775.103 13746.984
2816.362 4795.747 15194.786 44746.933 22701.475 24657.546 20093.644 14085.194 1750.644 11541.459
3860.613 12318.229 11877.208 31724.205 67401.359 24218.712 25368.556 20201.865 11382.923 10592.912
5015.167 12020.446 21643.968 17494.443 33350.545 49564.677 17093.115 17405.957 11059.295 12326.352
1911.158 16774.667 22671.117 34173.251 19693.653 26268.663 37454.085 12549.825 10208.424 13956.275
3172.673 4250.609 21166.498 24205.413 26281.986 10623.614 13652.416 19015.046 5063.789 9861.442
3210.611 12626.448 9603.188 40492.495 33570.339 25875.405 10107.266 12724.385 14232.404 11972.558
1589.232 9155.254 20431.117 13150.973 40051.436 23412.388 17408.32 6650.43 6684.981 14149.491
4710.998 5533.605 18085.555 34141.813 15892.693 34243.508 19322.18 14058.28 4302.738 13681.484
2693.268 11630.03 7776.09 21625.897 29668.248 9768.03 20356.111 11269.16 6540.683 8387.699
921.527 7673.611 18946.793 10862.033 22207.658 21776.25 6969.314 14330.763 6355.929 8653.828
3646.125 3537.712 16818.963 35510.153 14943.259 21873.205 20836.771 6573.823 10866.187 10900.453
4113.562 12749.71 7040.856 28472.286 43790.653 13108.112 18578.664 17381.157 4398.229 14995.885
2260.032 11903.025 21012.564 9883.045 29119.054 31796.315 9216.213 12831.182 9602.884 11211.126
4305.318 8171.683 24490.073 36758.315 12590.964 26392.787 27902.797 7941.516 8871.912 14594.509
2688.103 13563.907 14634.378 37226.542 40552.887 9842.231 19944.496 20670.825 4708.869 14069.066
2665.41 8526.01 24462.679 22414.286 41413.468 31986.344 7507.316 14919.43 12379.132 10752.294
