Simulated number at age in the catch (in thousands)
1 2
1972 2002
0 9
1
1040.479 15007.775 20850.494 27120.06 37497.027 37794.409 16599.279 6296.853 5634.992 9294.877
4393.665 4018.191 32982.816 38965.726 36935.509 36375.66 35509.14 15318.349 4667.485 10794.906
3540.955 13911.581 7227.168 50294.283 43058.558 28888.082 27485.679 26283.14 9073.46 8767.111
4617.377 12699.457 28283.714 12412.593 62372.004 37750.091 24431.274 22727.746 17416.188 12453.457
1543.921 12291.338 19200.037 36246.026 11506.071 40778.873 23823.591 15091.09 11200.46 15260.079
1576.942 5202.054 23551.389 31247.806 42877.696 9662.377 33127.241 18986.142 9638.046 17644.225
2070.727 6599.863 12307.27 46838.217 44652.518 43248.336 9382.291 31370.816 14435.692 21973.418
3063.115 6045.568 10874.109 17000.763 46151.626 30734.534 28562.313 6022.229 16044.776 19267.022
2822.273 9458.15 10554.587 15967.18 17894.08 34087.736 21827.932 19763.077 3326.81 19514.803
1599.943 8408.817 15961.289 15026.249 16355.139 12892.201 23652.507 14783.678 10687.159 12216.564
2329.005 4362.588 13034.298 21004.227 14336.845 11029.683 8400.91 15103.166 7537.917 11873.019
2376.491 7499.947 8000.047 20349.93 23902.143 11599.758 8642.936 6467.226 9315.561 11977.853
3879.4 8757.229 15698.205 14193.724 26192.896 21830.916 10240.757 7477.917 4488.786 14496.678
4664.193 12507.631 16008.835 24252.274 15826.009 20611.896 16567.904 7597.6 4437.851 11954.291
997.394 17784.897 26938.376 28945.597 31425.136 14429.494 18070.765 14148.015 5199.082 10789.89
2431.308 2371.204 23961.595 30651.03 23676.122 18014.949 7962.769 9731.019 6058.68 6630.225
5210.948 7660.258 4250.879 36521.656 33982.309 18630.21 13717.048 5950.446 5822.533 7238.895
1305.557 15540.165 13015.387 6154.658 38563.461 25501.944 13543.668 9799.785 3402.782 7736.257
3064.09 3451.999 23491.357 16866.424 5858.804 26204.865 16839.032 8821.073 5108.092 5971.62
4165.088 15968.347 10221.221 58975.407 30815.246 7641.325 33084.309 20863.385 8813.547 11436.756
1751.291 7479.491 16355.744 8940.845 37582.293 13871.067 3329.984 14165.636 7099.537 6974.735
3775.426 10550.793 25590.618 47408.107 18860.644 56680.098 20251.793 4770.845 16397.55 16669.262
1259.894 8214.048 13040.204 26822.553 35899.285 10039.197 29103.976 10173.268 1905.5 14038.574
2288.778 4234.727 15744.062 21330.58 32091.514 30631.215 8308.787 23704.601 6646.31 10544.787
2839.526 6275.854 6633.501 21114.231 20981.266 22513.728 20867.699 5578.854 12739.617 9323.016
3377.145 15650.009 19598.757 17481.655 40275.427 28485.513 29520.943 26778.942 5776.215 23037.713
663.665 7037.332 18509.181 19627.238 12615.674 20376.472 13886.656 14061.456 10127.95 10548.585
2964.494 2022.303 12243.675 27541.964 21408.287 9819.883 15398.534 10339.242 8390.066 13210.692
2600.469 11457.792 4451.771 22951.687 37695.932 20898.997 9291.697 14324.639 7727.383 16629.204
2634.646 5888.989 14824.947 4932.906 18635.029 21772.562 11716.259 5132.084 6316.435 10208.522
2936.114 9246.925 11834.803 25604.314 6291.325 17075.77 19431.41 10339.339 3639.658 12282.485
