Simulated number at age in the catch (in thousands)
1 2
1972 2002
0 9
1
5570.532 13548.103 22700.389 7091.154 26573.451 37209.841 11169.043 13429.63 8285.049 19772.849
7091.701 22815.659 31370.999 44194.035 9919.867 26232.308 35361.893 10351.964 9990.204 20527.632
2833.471 13332.171 24395.456 28506.597 29061.649 4583.997 11701.613 15446.216 3588.958 10470.338
1079.563 8162.588 22007.043 34652.538 29916.454 21884.968 3362.74 8491.111 8988.898 7819.233
3565.123 5148.749 22197.508 51055.924 58923.356 36456.069 25893.369 3918.627 7973.904 15625.313
3408.127 12488.252 10227.609 37271.227 61935.889 50539.172 30170.485 20958.246 2540.968 15543.237
1459.774 9027.427 18799.764 13065.576 34492.875 40473.673 31899.733 18653.435 10340.532 8819.031
7060.159 6448.339 22573.193 39608.836 19848.452 37102.049 41974.455 32319.044 15192.612 16238.539
3696.003 17512.609 9062.46 26780.452 33775.852 11867.415 21353.311 23570.968 14442.682 13865.449
2499.757 8021.711 21725.974 9635.802 20880.477 18738.216 6392.451 11336.801 9987.305 12485.729
3476.71 10222.536 18758.994 43563.57 14238.536 22164.484 19356.335 6522.097 9308.977 19829.68
1243.218 10246.058 17212.913 27047.797 46106.203 10761.941 16273.895 14012.202 3783.026 17251.356
2477.257 4608.122 21669.867 31097.702 35812.795 43641.884 9889.523 14730.68 10189.294 15122.369
954.164 6789.015 7212.399 29022.433 30526.395 25059.811 29646.013 6618.882 7890.168 13043.639
3113.729 4489.661 18155.404 16362.965 47915.543 35938.152 28557.239 33154.977 5961.084 17974.275
2624.438 8955.932 7323.326 25036.821 16276.402 33575.25 24278.977 18855.815 17477.238 12262.669
4170.496 8106.432 15717.738 10900.697 27015.115 12429.69 24774.022 17551.892 10904.915 18166.241
840.226 14656.922 16165.593 26521.39 13307.268 23342.406 10368.828 20226.466 11483.058 19250.818
3923.307 3014.09 29729.451 27578.318 32482.924 11473.881 19367.189 8387.368 13100.342 20338.912
2447.83 10266.689 4470.048 37235.217 24855.047 20559.345 6994.009 11524.957 3976.47 16793.885
2693.418 6564.016 15686.568 5821.098 35341.442 16739.642 13409.459 4481.908 5902.215 9995.837
979.288 8150.512 11348.274 23219.914 6324.999 27431.198 12621.823 9968.599 2670.531 9285.836
713.131 3655.904 17353.719 20623.772 30896.155 6012.63 25305.057 11463.449 7273.088 8284.716
1948.236 2930.537 8516.138 34142.858 29328.756 31135.709 5847.92 24074.191 8759.457 11334.463
3700.033 4888.851 4174.486 10273.998 29743.473 17983.147 18413.696 3382.292 11094.281 9654.869
1994.119 9255.113 6987.109 5109.389 9220.769 19018.768 11164.844 11266.655 1654.486 10392.929
5049.515 11433.786 30085.809 19186.219 10170.65 13082.61 26078.748 14993.895 12215.363 13657.919
1313.883 13102.759 16781.098 37164.967 16973.987 6294.67 7781.921 15107.988 6912.211 12103.258
1461.286 4660.752 26307.487 28386.634 45231.284 14563.597 5201.796 6276.385 9757.741 12431.518
3203.102 3470.768 6290.393 30123.848 23516.925 26398.074 8204.78 2868.898 2756.958 9470.577
3385.268 11195.989 6907.829 10657.116 37213.962 20680.167 22487.258 6867.392 1926.242 8709.004
