Simulated number at age in the catch (in thousands)
1 2
1972 2002
0 9
1
1105.326 10075.775 6409.817 17494.225 17710.095 8815.628 11189.887 2266.533 6463.459 6422.88
4758.484 5343.636 27696.255 14958.466 29742.97 21493.28 10361.069 12913.926 2107.408 12249.741
2939.642 15641.516 9937.876 43369.108 16825.379 23533.672 16367.772 7694.969 7668.421 8247.272
2490.403 8240.247 24858.401 13346.696 41977.185 11460.815 15449.237 10497.422 3937.657 8612.682
1229.214 6041.509 11401.2 29365.022 11509.363 25690.773 6797.228 9010.048 4887.611 5789.298
3760.849 5056.191 14159.048 22767.233 42866.641 12001.565 25980.313 6761.841 7208.039 8248.822
2833.205 8904.374 6834.732 16369.969 19258.861 25775.698 7000.121 14918.179 3100.406 7570.437
2060.978 10119.093 18184.566 11966.611 21100.082 17798.023 23170.003 6212.371 10637.399 7544.2
1998.233 6142.702 17246.493 26577.47 12863.9 16225.145 13306.496 17096.362 3674.677 11283.535
1952.754 6548.886 11516.58 27745.172 31494.333 10925.613 13407.069 10859.025 11199.6 9910.4
4335.556 9068.751 17289.604 25805.585 45262.025 36642.915 12306.747 14824.391 9667.843 19222.757
3629.182 13962.333 16533.764 26568.669 28519.091 35209.09 27448.028 8995.906 8662.799 17781.959
3814.377 10486.7 22880.298 22906.969 26553.81 20081.386 23903.521 18213.378 4766.058 13570.378
2740.121 11375.651 17779.634 32933.737 23925.985 19636.401 14354.513 16749.561 10206.215 10650.119
2820.374 7367.974 17450.056 23294.353 31540.132 16296.264 12968.624 9327.899 8703.84 10433.918
2957.427 12148.181 18048.826 36307.19 35298.85 34067.984 17043.854 13317.354 7704.937 16105.756
2458.299 7518.677 17577.083 22214.405 32468.322 22331.037 20843.515 10229.687 6378.735 11647.412
5058.771 11340.303 19658.264 38805.098 35471.488 36806.933 24440.089 22319.501 8814.406 16203.378
3249.04 14011.011 17774.954 25957.804 36768.717 23569.466 23526.038 15228.46 11084.148 12215.762
4541.339 12380.975 30160.397 32127.869 33631.302 33525.704 20666.688 20095.073 10423.835 15867.49
3770.158 12018.237 18534.792 38010.809 29013.306 21260.942 20374.456 12235.26 9471.437 12786.243
3219.359 14118.379 25439.533 32978.968 48540.01 26091.698 18396.577 17184.424 8268.624 15512.5
5005.609 7451.133 18542.73 28281.021 26432.567 27321.479 14154.906 9753.274 7247.092 10356.304
2999.161 20552.885 17350.654 36499.178 40278.958 26697.388 26644.689 13509.798 7477.474 13501.462
4528.367 8783.866 34093.97 24280.656 36741.668 28509.033 18196.752 17725.086 7173.345 11298.882
3896.081 15725.161 17266.809 56478.185 28941.135 30867.575 23069.307 14371.899 11206.719 11681.915
3301.785 8147.864 18727.789 17512.918 41617.965 15053.648 15526.142 11384.242 5643.945 9286.603
2737.947 9841.619 13907.868 27480.723 18964.343 32319.383 11382.412 11605.565 6825.669 9066.718
2883.789 8774.435 18073.781 21981.122 32114.312 15926.047 26449.167 9217.164 7546.564 10651.561
2509.422 12811.512 22232.367 39086.007 34844.272 36460.777 17556.111 28719.013 8058.387 16379.999
2794.204 9381.298 27152.338 39806.649 50555.907 31888.962 32195.775 15160.546 19888.309 16878.848
