Weight in the catch estimated using Weca (0-12 years)
1 3
1972 2002
0 9
1
0.052 0.135 0.277 0.341 0.423 0.468 0.468 0.508 0.539 0.59619675711538
0.05 0.145 0.194 0.285 0.368 0.448 0.468 0.508 0.539 0.601224555167039
0.051 0.136 0.229 0.261 0.334 0.392 0.481 0.508 0.539 0.617536729399666
0.05 0.148 0.177 0.259 0.323 0.348 0.43 0.488 0.539 0.599771746137375
0.059 0.137 0.207 0.263 0.32 0.346 0.406 0.443 0.518 0.59139666677337
0.056 0.136 0.169 0.275 0.333 0.352 0.407 0.446 0.546 0.583621354955587
0.036 0.135 0.161 0.25 0.325 0.345 0.403 0.421 0.518 0.569128660763557
0.016 0.137 0.161 0.243 0.318 0.348 0.401 0.416 0.506 0.534876679614401
0.057 0.131 0.249 0.285 0.345 0.378 0.454 0.498 0.52 0.57133021255193
0.06 0.132 0.248 0.287 0.344 0.377 0.454 0.499 0.513 0.558032166913651
0.053 0.131 0.249 0.285 0.345 0.378 0.454 0.496 0.513 0.563279495836339
0.05 0.168 0.219 0.276 0.31 0.386 0.425 0.435 0.498 0.593998268749295
0.031 0.102 0.184 0.295 0.326 0.344 0.431 0.542 0.48 0.611882317695242
0.055 0.144 0.262 0.357 0.418 0.417 0.436 0.521 0.555 0.643228993798146
0.039 0.146 0.245 0.335 0.423 0.471 0.444 0.457 0.543 0.622638814653385
0.076 0.179 0.223 0.318 0.399 0.474 0.512 0.493 0.498 0.616722007170632
0.055 0.133 0.259 0.323 0.388 0.456 0.524 0.555 0.555 0.592147710010121
0.049 0.136 0.237 0.32 0.377 0.433 0.456 0.543 0.592 0.604635196781523
0.085 0.156 0.233 0.336 0.379 0.423 0.467 0.528 0.552 0.614464440535406
0.068 0.156 0.253 0.327 0.394 0.423 0.469 0.506 0.554 0.6355684864689
0.051 0.167 0.239 0.333 0.397 0.46 0.495 0.532 0.555 0.632788865956333
0.061 0.134 0.24 0.317 0.376 0.436 0.483 0.527 0.548 0.604326841274258
0.046 0.136 0.255 0.339 0.39 0.448 0.512 0.543 0.59 0.629025577747236
0.072 0.143 0.234 0.333 0.39 0.452 0.501 0.539 0.577 0.617511840156621
0.058 0.143 0.226 0.313 0.377 0.425 0.484 0.518 0.551 0.602034457305418
0.076 0.143 0.23 0.295 0.359 0.415 0.453 0.481 0.524 0.574810864397467
0.065 0.157 0.227 0.31 0.354 0.408 0.452 0.462 0.518 0.570546952251489
0.062 0.176 0.236 0.307 0.361 0.406 0.454 0.501 0.537 0.593844694236111
0.063 0.135 0.229 0.308 0.367 0.429 0.467 0.504 0.537 0.591080346185081
0.069 0.171 0.223 0.307 0.378 0.426 0.477 0.499 0.543 0.609585054297488
0.052 0.159 0.255 0.307 0.369 0.426 0.464 0.514 0.539 0.607814064033728
