Simulated number at age in the catch (in thousands)
1 2
1972 2002
0 9
1
1603.272 10078.395 24883.596 36594.771 38345.304 35636.733 33199.527 21745.048 4462.392 16071.877
4110.269 3841.406 13680.723 28511.503 30123.738 22113.355 19777.944 17974.038 9361.964 8778.863
1856.929 10297.162 5492.77 16722.316 25490.848 19150.599 13635.006 12003.435 8716.444 8744.374
550.87 5588.311 17744.979 8136.305 18278.198 19981.673 14615.892 10286.976 7264.674 10739.38
5368.711 3141.596 18082.027 48563.676 16166.658 25910.908 27393.056 19639.356 11159.175 20090.092
4186.453 10265.046 3416.815 16716.636 32504.825 7608.26 11773.522 12190.879 6939.756 11765.884
671.492 15343.701 21484.928 6117.87 21976.139 30585.365 6955.521 10611.994 8828.225 13574.986
3127.478 2044.732 26669.362 31923.826 6659.139 17061.95 23047.594 5162.298 6311.062 13186.023
3849.547 13219.783 4913.101 54384.603 47356.345 7034.08 17441.852 23119.656 4163.85 15647.303
2519.292 7621.17 14941.089 4749.1 38407.174 23703.518 3412.917 8326.239 8789.585 7428.067
3071.371 10480.298 18122.07 30439.627 7123.975 41367.706 24835.845 3530.384 6932.38 13515.916
2953.261 9988.811 19434.107 28672.42 35207.473 5872.027 33066.128 19531.463 2225.834 12756.928
4730.839 11949.162 22946.03 37809.507 40456.181 35281.097 5687.239 31379.177 14889.249 11263.881
3535.344 14280.262 20445.16 33164.096 39390.194 29693.149 24958.971 3930.783 17326.159 15255.396
3219.409 12962.077 29616.347 35686.267 41603.271 34823.876 25272.563 20721.544 2614.395 21688.69
4002.159 9274.527 21127.362 40649.259 35140.856 28740.285 23140.097 16369.018 10703.959 12765.111
3541.99 11679.297 15359.414 29614.824 41169.89 25109.292 19813.773 15604.956 8817.779 13555.734
2848.195 11685.468 21877.665 24372.238 34029.91 33481.471 19722.037 15239.023 9609.446 13584.325
3685.626 7478.312 17471.202 27849.775 22576.637 22334.826 21266.378 12297.97 7589.35 11085.992
3471.025 15883.447 18295.782 36192.888 41852.492 24117.883 23063.637 21519.117 10006.001 16284.641
1131.535 6677.969 17428.584 17142.06 24712.209 20205.048 11273.972 10593.958 7863.558 9694.138
4991.993 6765.679 22653.018 49998.57 35710.811 36751.383 29061.882 15895.152 12066.122 20342.674
4040.172 8996.362 6938.19 19759.785 31589.149 15859.359 15761.287 12210.202 5298.71 11002.956
1919.201 12502.101 15951.003 10585.093 22279.835 25579.564 12512.124 12301.555 7649.205 10286.677
2135.201 6558.017 24466.396 26837.013 13155.236 19894.428 22249.205 10763.11 8502.03 12561.776
1882.25 6762.639 11891.79 38122.602 30853.363 10850.066 15975.164 17659.637 6856.815 13344.929
1424.795 7149.927 14674.536 22086.416 52033.567 30171.623 10312.92 14977.234 13309.242 15289.432
2539.222 3787.532 10869.235 19132.535 21166.997 35617.551 20074.344 6770.297 7870.478 15502.728
2799.113 9511.881 8110.342 19944.27 25836.572 20497.803 33545.131 18662.016 5059.582 17488.112
1749.795 7099.575 13814.884 10125.734 18355.257 17014.061 13136.179 21242.314 9460.052 11213.514
2102.472 10818.454 24914.482 41032.012 21865.881 28327.535 25408.784 19240.78 25146.684 24757.352
