Simulated number at age in the catch (in thousands)
1 2
1972 2002
0 9
1
3362.277 12776.916 14234.862 49160.339 32848.542 28631.899 31725.181 11733.74 6799.2 8299.662
931.024 12816.694 27573.161 25890.815 64405.733 30393.265 25529.259 27622.865 8192.435 10462.755
1481.002 2229.529 17428.593 31773.919 21551.987 37724.991 17173.309 14110.301 12156.831 8537.387
4712.169 4499.983 3863.25 25775.739 34349.7 16591.352 28161.524 12612.918 8300.704 12443.49
2512.159 12178.98 6655.603 4906.233 24096.006 22954.806 10783.421 18072.918 6479.087 11337.651
2109.285 14983.836 41216.137 19051.556 10200.32 35766.56 32956.535 15177.129 20548.074 20932.382
4258.348 4020.499 16241.852 37959.391 12694.924 4776.228 16165.21 14583.893 5331.411 15296.317
3440.889 23115.212 12368.177 42178.302 71371.194 16989.066 6173.983 20453.327 14884.923 20617.415
4260.254 10142.064 38441.034 17237.419 41912.314 49531.408 11310.693 3994.019 10544.077 18674.661
1342.362 10223.629 13819.543 44381.105 14373.247 24588.714 28029.38 6260.426 1760.25 13165.71
4608.659 6184.546 26648.557 30322.078 70155.621 16086.759 26524.582 29525.357 5304.53 11580.328
2075.09 14161.76 10710.728 38604.27 31254.574 50455.361 11089.23 17747.988 15749.759 9001.749
1277.675 4086.187 15858.968 10191.135 26584.244 15133.867 23585.336 5076.034 6452.686 8987.037
1494.31 4790.717 8741.329 28975.517 13644.133 25444.094 14061.333 21583.875 3732.27 11489.063
2891.692 3837.551 7031.101 10990.869 26732.952 8975.722 16256.945 8857.034 10874.136 8200.459
4842.606 15479.951 11663.955 18097.819 20561.526 35681.205 11590.677 20588.236 9048.111 20610.028
4742.453 15999.13 28852 18213.908 20168.306 16041.133 26716.758 8436.265 11969.389 16928.307
1800.376 14477.71 27564.138 41674.66 18775.782 14538.171 11097.492 17967.868 4525.124 15804.286
4039.977 3479.497 15933.729 25835.503 28359.797 9006.166 6741.339 5047.109 6494.575 7709.636
1621.973 17441.941 8563.324 33440.886 39694.038 31170.907 9605.869 7077.928 4264.721 11419.403
4529.725 4324.341 26508.34 11101.273 31630.12 26661.162 20284.742 6144.986 3618.999 8069.628
1073.63 15330.768 8352.1 43747.878 13423.215 27311.656 22346.217 16745.715 4070.469 7405.99
4635.918 5032.991 40700.954 18697.364 70721.778 15391.733 30214.255 24167.849 14574.834 10262.603
4700.845 14950.053 9146.381 61855.217 20223.324 53421.268 11145.419 21238.84 13556.993 13864.697
2837.227 10696.323 19290.621 9978.302 48566.455 11132.71 28322.228 5769.522 8739.369 11917.206
1570.477 10430.297 22339.601 34161.07 12823.982 44302.128 9817.64 24482.326 4000.953 15111.496
3413.283 4183.019 15807.328 28787.032 31977.786 8495.317 28380.977 6169.133 12284.804 10038.475
2349.43 9646.83 6752.777 21840.83 29168.021 23113.052 5962.306 19629.77 3416.478 12471.073
6848.098 12007.456 27966.168 16551.628 38816.603 36908.284 28266.827 7142.843 18954.987 15099.577
6940.671 22086.753 21844.256 42615.294 17988.834 29510.096 26923.093 20037.94 4042.194 19684.932
1530.268 16902.822 30492.715 25483.035 35774.535 10595.674 16739.773 14910.327 8830.713 11041.026
