Simulated number at age in the catch (in thousands)
1 2
1972 2002
0 9
1
712.591 2517.66 1309.366 1873.615 8479.5 3281.73 3370.443 1632.36 820.52 1539.426
991.818 763.761 1182.235 1433.606 2381.758 3946.837 1826.262 1184.947 594.693 1057.334
727.081 2402.768 6578.671 6521.591 2300.045 2589.838 2978.358 1161.909 1155.175 1359.569
875.649 1532.01 379.013 3020.28 4972.045 1228.371 1712.985 2916.876 930.531 1482.419
12.916 399.006 270.158 1998.118 3193.033 996.076 763.345 876.539 1049.645 935.862
464.894 315.577 3211.074 2149.338 1284.442 2881.087 1554.999 538.53 713.008 1595.921
574.384 946.803 1507.114 3481.468 1124.306 1776.725 2307.354 1566.557 575.626 1700.305
112.793 3792.822 4626.876 3403.161 3484.5 2930.949 1608.05 949.255 502.21 1084.086
502.467 310.626 1757.966 3634.107 2773.799 3573.981 3043.338 1522.661 1537.996 1379.6
199.477 285.171 324.78 1281.926 3832.612 2596.337 1432.712 1368.112 505.465 1051.898
648.812 387.211 924.967 634.439 4204.32 2674.588 2393.549 1711.979 1042.09 1500.68
361.019 72.364 2490.68 2374.244 626.295 2843.162 1378.529 1174.837 1242.816 1505.434
836.711 91.367 1021.57 1011.028 2195.674 830.012 3043.774 1644.999 870.684 1559.547
460.775 344.488 1571.864 1614.313 2294.141 969.391 285.379 2036.949 974.155 1043.84
92.641 390.26 799.172 2891.033 1425.659 2074.271 1848.148 363.727 1310.076 1082.505
317.668 291.969 4681.599 4082.292 63.403 1848.405 751.282 204.615 172.193 972.46
629.462 864.594 3109.317 4232.615 2946.341 2612.309 2016.34 1354.48 1236.827 1208.078
688.653 331.247 647.296 1331.95 2476.598 2068.615 1944.354 1403.004 921.732 1053.341
483.332 316.237 3333.122 2886.445 2564.462 2517.17 1411.695 1471.986 1029.277 1212.108
638.186 2043.501 3482.244 3591.924 3347.775 2198.752 1204.994 1139.202 771.278 1260.688
347.436 893.168 94.507 4176.487 2194.772 1934.913 1686.374 1270.892 903.553 1328.277
561.73 888.541 3014.708 4460.195 4099.378 2401.013 895.291 668.584 623.539 1288.797
194.258 4080.001 2474.692 5132.664 4242.209 3656.465 2358.442 1927.984 925.08 2098.977
1367.224 3640.313 1370.605 2570.429 2708.469 4020.87 3597.394 1244.766 714.151 1924.242
363.407 401.797 1478.206 3329.342 1310.496 2170.524 1734.48 1228.429 598.134 923.027
5.552 356.134 2181.429 512.357 4686.484 1898.247 1326.552 1598.137 1170.311 1329.842
715.326 508.698 296.807 3995.387 1308.369 644.355 1445.911 1106.774 865.419 1300.069
718.482 364.545 1262.278 3420.414 2503.021 2586.851 2191.168 1056.27 1082.504 1034.453
694.789 462.043 4341.226 2260.147 1138.552 2290.308 1990.16 1231.323 685.817 1239.844
345.196 1863.094 3191.871 3944.78 3273.194 3599.905 2555.251 2285.404 1457.085 1410.474
375.951 1015.002 4275.172 4717.025 4169.164 2168.675 1638.746 1852.351 1278.789 1904.369
