Simulated number at age in the catch (in thousands)
1 2
1972 2002
0 9
1
4041.967 15693.275 5878.432 47705.074 31951.632 17225.239 10040.59 15873.925 13899.841 15159.429
5094.274 12565.074 27484.381 8605.844 49654.505 23195.384 11981.81 6776.661 8541.937 15710.493
1512.328 11675.101 16331.901 30209.436 6810.008 27558.685 12400.257 6255.363 2812.801 10182.462
2999.717 4325.113 19048.299 22757.724 30783.819 4940.191 19389.172 8585.682 3466.567 7431.955
1311.836 12383.889 10155.389 37993.042 33053.342 31851.681 4948.942 19069.781 6788.282 8423.672
3683.134 3564.339 19138.689 13336.869 36222.649 22295.26 20771.08 3164.532 9738.929 7406.488
1451.492 12815.582 7057.487 32222.606 16349.428 31573.336 18813.567 17209.264 2102.636 11609.07
4661.041 5884.617 29402.865 13637.27 44834.665 16074.908 29911.98 17401.464 12776.528 10635.847
1989.183 14890.656 10605.812 44400.17 14691.617 33788.959 11625.333 21025.099 9763.174 13789.145
561.68 3700.158 15769.005 9560.81 29031.553 6762.848 15029.298 5069.304 7280.521 8416.573
1772.398 1741.181 6572.154 24099.569 10798.727 23549.059 5344.654 11750.245 3181.183 9812.42
2253.016 6379.148 3586.439 11623.367 31441.38 10116.717 21477.994 4817.437 8512.677 10031.263
3311.185 8037.73 12991.608 6244.591 14844.498 28712.752 8972.302 18771.353 3381.148 12952.284
1963.263 8712.675 12094.687 16766.269 5923.445 10055.859 18905.024 5828.783 9760.098 8396.924
1552.658 8321.228 21070.711 24984.031 25403.95 6428.239 10598.581 19633.583 4871.583 14972.197
3736.16 6811.082 20644.877 43980.659 37526.988 26978.478 6576.344 10582.095 15754.066 16514.423
2167.798 6208.272 6445.172 16639.396 25707.326 15421.853 10711.956 2559.83 3265.715 9922.946
3374.009 12616.557 20523.663 18056.616 33931.688 37470.451 21762.069 14834.59 2862.964 15420.312
2701.269 8244.358 17488.924 24068.432 15263.746 20153.821 21449.389 12172.457 6605.875 7356.234
3271.93 10928.569 18901.065 33847.228 33641.103 15106.99 19244.299 20025.954 9124.879 10723.206
5826.211 9173.479 17357.126 25331.656 32629.234 22788.467 9854.256 12251.794 10168.558 9595.32
2835.672 13556.797 12172.71 19660.665 20933.799 19119.913 12936.9 5499.53 5454.979 9188.489
2850.925 13914.302 37789.757 28763.405 33784.251 25650.403 22670.947 15048.677 5154.426 14632.773
6597.401 9316.921 25699.191 58657.486 31989.236 26378.09 19254.336 16575.572 8792.515 11699.746
5623.53 22770.141 18135.095 41886.777 68211.767 26053.937 20617.814 14627.178 10065.882 12554.636
1507.672 12693.471 29145.718 19625.58 32619.927 37236.533 13696.988 10582.832 5966.997 9156.285
1748.979 5591.653 26743.748 52060.465 25439.02 30012.368 33119.999 11941.107 7402.387 10734.995
997.19 4237.777 7718.703 31459.024 44585.941 15429.378 17619.8 19094.908 5492.816 8744.276
824.055 4217.596 10195.011 15776.341 46839.266 47316.61 15856.098 17780.44 15496.017 11703.215
2866.303 2009.062 5857.512 12063.843 13589.323 28571.293 27935.419 9192.339 8224.627 12981.19
4401.429 13272.676 5281.21 13036.867 19487.621 15622.468 31757.718 30433.265 8060.978 19287.416
