Simulated number at age in the catch (in thousands)
1 2
1972 2002
0 9
1
1945.341 8993.729 17431.629 30464.167 13193.506 24374.4 18338.334 15329.052 9440.721 11544.048
5191.005 7642.871 20150.4 33329.803 42652.737 13204.954 23675.517 17537.64 11784.413 16508.076
4600.219 22869.837 19044.285 42244.396 50287.419 45505.293 13572.105 23749.876 14139.598 23569.743
1953.024 14797.692 41425.992 28812.031 45408.243 37699.477 32678.694 9453.408 13196.431 21068.939
3057.664 4097.031 17615.841 41746.948 20916.418 23106.393 18482.457 15651.131 3595.071 13498.23
1209.512 11059.819 8436.517 30866.244 53327.015 19023.013 20355.43 15996.073 10870.833 11608.523
3737.397 5132.653 26533.997 17017.922 44755.385 54603.735 18755.088 19575.819 12354.74 17276.533
3610.557 11484.516 8890.696 38458.007 17557.839 32228.734 37695.469 12570.353 10460.718 16015.861
2768.463 6223.557 11278.642 7442.7 23382.368 7517.718 13341.383 15308.476 4051.213 8622.902
3824.06 13727.665 17584.513 27155.175 13118.181 29522.085 9211.069 16089.842 14884.002 12905.361
1860.847 14602.895 29637.262 31922.133 35401.684 12052.128 26103.867 7941.278 11119.512 19474.202
3385.959 4281.023 19065.044 32755.185 25438.357 19811.726 6500.97 13760.973 3329.795 13117.98
4286.566 13694.463 9823.986 37011.666 46051.277 25374.268 19088.27 6132.753 10426.359 12475.499
7188.798 15412.12 27788.238 16712.119 45012.691 39307.244 20803.661 15225.533 3914.503 15137.257
3176.746 18293.509 22197.835 33725.027 14546.051 27430.862 23035.672 11882.326 6919.927 8006.599
3171.584 9729.311 31829.425 32750.586 36056.931 11002.612 20044.623 16489.252 6803.015 8418.935
2903.11 9855.349 17192.509 47774.318 35706.674 27867.099 8223.474 14693.126 9673.724 9369.265
2690.648 9843.589 18989.923 28103.745 56676.089 30038.139 22663.154 6555.783 9385.538 12266.211
883.432 9636.037 19976.845 32535.074 34737.399 49492.602 25294.289 18651.187 4322.879 15205.788
3785.766 2644.538 16342.875 28597.028 33533.154 25198.635 34587.315 17260.163 10163.879 10813.766
3033.044 10677.846 4238.796 22224.998 28181.828 23357.247 16955.916 22799.674 9088.905 11324.99
3003.863 7561.103 15204.785 5166.567 19849.912 17922.297 14418.178 10311.591 11082.715 9946.519
5560.76 13102.256 18795.935 32219.907 8011.416 22015.008 19285.311 15269.022 8789.287 18373.805
3403.077 16650.796 22316.938 27207.334 33890.232 5972.752 15874.693 13641.495 8640.036 16337.593
4081.52 11245.553 31305.235 35667.529 31635.86 27987.137 4773.327 12451.966 8573.816 15912.792
3110.738 11239.968 17655.399 41929.636 34871.546 21979.22 18842.935 3159.857 6591.956 13056.923
2906.395 12690.384 26077.46 34791.378 60150.925 35627.181 21738.621 18295.041 2465.851 14570.141
902.651 6417.379 15986.028 28062.05 27331.112 33504.845 19230.571 11539.239 7743.41 7034.069
1178.019 3776.45 15315.135 32571.744 41909.942 29217.612 34775.752 19661.108 9492.134 12027.294
2252.372 3253.94 5948.939 20593.58 31995.895 29274.444 19784.471 23162.529 10474.52 11499.667
4193.588 10437.632 8556.839 13236.895 33230.979 36723.948 32476.043 21502.966 20263.017 19664.038
