Simulated number at age in the catch (in thousands)
1 2
1972 2002
0 9
1
2854.759 13283.815 23281.839 41120.79 35516.593 33421.353 14841.926 11761.959 11342.002 10433.647
2920.343 8340.852 22018.12 32644.408 41628.177 25351.629 23009.698 9991.563 6324.23 11939.422
3296.399 9996.528 16194.118 36147.436 38729.53 34915.872 20518.988 18216.957 6335.112 11538.38
3339.754 9667.271 16640.344 22824.516 36830.532 27852.578 24232.44 13933.551 9883.193 9759.147
4422.15 11167.952 18352.818 26755.694 26572.423 30348.655 22165.007 18881.696 8694.272 12938.005
2372.469 10007.265 14417.986 20239.182 21541.801 15174.706 16795.626 12063.535 8196.967 9377.363
5225.451 13488.005 32244.262 39218.958 39877.359 30234.206 20576.253 22296.101 12926.831 19525.203
3861.111 11303.209 16549.241 33464.444 29297.952 20874.985 15243.266 10130.199 8718.482 13307.523
6678.79 16757.551 27805.159 34377.405 50256.675 31205.344 21461.078 15330.1 8189.929 18015.294
2980.144 20374.958 28896.022 40305.045 35690.909 36585.125 21835.256 14624.498 8337.287 14523.982
2264.304 5581.524 21765.163 26359.476 26791.429 16768.508 16642.566 9760.103 5198.484 8055.962
2862.984 8442.545 11912.343 39898.349 35668.301 26052.639 15879.185 15579.873 7347.274 9928.918
4351.995 12384.959 20778.471 24918.395 60837.921 38793.675 27446.743 16432.439 12970.639 14346.535
3572.431 10803.152 17509.271 25018.544 21831.617 37740.919 23288.797 16176.031 7728.543 13320.049
2240.06 10113.58 17495.615 24332.745 25586.957 15970.911 26849.951 16356.822 9103.097 12151.258
5243.211 9308.623 23977.955 35425.533 36127.559 27198.335 16485.565 27305.373 13383.035 17848.207
3420.646 22948.848 23046.278 49957.513 53130.266 38316.25 27792.107 16443.112 21887.45 25688.269
3770.062 8011.147 30462.792 25841.956 40277.435 30020.156 20842.203 14753.53 6940.163 20538.77
2597.49 13497.088 16287.395 52478.416 32272.872 35662.622 25684.581 17469.851 9915.191 18905.53
3801.105 8387.762 24713.917 25206.244 58624.197 25447.91 27121.776 19096.742 10390.73 17173.067
2908.048 10668.722 13378.147 33441.555 24713.495 40619.562 17032.696 17782.437 10001.019 14302.603
1074.516 6670.783 13993.803 15048.2 27617.447 14543.906 23222.337 9603.234 8009.206 10588.811
846.368 5579.043 19720.342 35202.985 27673.449 36363.04 18572.398 29167.616 9728.828 19473.057
2074.806 3114.084 11597.456 34430.392 44056.223 24361.53 30783.231 15316.144 19263.886 19646.51
2818.118 3507.672 2999.811 9524.766 20539.151 18505.907 9893.864 12265.541 4841.902 12673.416
3119.259 14694.525 10416.072 7583.193 17610.381 27199.397 23773.435 12504.475 12504.577 17923.078
2697.25 9631.691 25733.319 15422.222 8104.892 13278.49 19780.006 16902.824 7107.066 17387.674
2858.282 9588.166 19385.327 43659.649 18839.233 6983.772 11023.635 16032.625 10972.86 16189.358
1215.523 5788.646 11062.06 19058.91 31204.884 9506.069 3408.574 5280.276 6109.571 9968.445
4354.233 6027.845 16316.899 26458.177 33193.785 38792.203 11442.079 4027.584 5028.242 15647.427
4107.986 13617.144 10669.673 24334.892 28356.31 25016.156 28142.084 8097.205 2277.075 11316.164
