Simulated number at age in the catch (in thousands)
1 2
1972 2002
0 9
1
3052.712 10049.976 17354.596 23634.131 48478.684 31097.623 9048.459 3454.569 11423.442 16271.772
2947.311 9763.687 18351.138 27098.355 27054.449 39624.941 24679.068 7075.084 2166.056 18305.836
2772.942 10382.438 19608.232 31436.604 33944.021 24174.753 34340.343 21044.156 4841.989 13702.857
6780.484 11768.541 24964.823 39786.776 46066.046 35240.696 24214.328 33630.041 16559.623 14087.369
1741.236 19391.866 19045.094 34026.783 38913.341 31608.955 23261.082 15580.585 17256.298 15234.44
4076.344 5354.066 33812.559 28070.358 36190.22 29189.02 22864.115 16447.583 8805.574 18343.303
5217.002 11719.979 8749.427 46894.468 28227.589 25739.758 20060.404 15397.873 8851.929 15686.994
3859.498 21148.482 26915.971 16955.329 65595.984 27949.163 24582.61 18727.489 11541.385 19382.918
4043.54 10911.062 33854.005 36330.97 16446.462 44682.322 18325.426 15723.847 9553.409 15728.225
4715.303 14733.843 22487.39 58713.722 45274.424 14440.02 37765.036 15106.404 10382.504 16179.431
3901.16 8774.864 15620.115 20317.359 38541.13 20952.012 6461.892 16581.444 5269.712 9495.561
2973.38 17363.88 22272.202 33830.591 32246 43802.573 23117.476 7021.79 14507.845 12999.224
3965.321 11464.745 37924.235 41036.479 44957.981 30297.035 39682.422 20464.401 4986.245 20018.702
3211.49 13482.259 21997.663 60997.219 47151.049 36205.58 23427.765 29842.839 12301.508 15175.879
2330.103 5359.992 12822.163 17837.681 35927.404 19553.158 14516.426 9215.776 9312.406 8737.58
2692.039 8039.633 10602.447 21843.716 22500.739 32620.717 17311.368 12725.544 6493.738 13164.851
2365.725 8168.217 13987.196 15891.493 24234.564 17945.939 25365.256 13327.236 7863.784 11917.528
3392.926 13358.532 26222.63 38113.308 31573.399 34443.477 24710.476 34306.599 14552.372 22812.786
3007.214 6760.124 15161.798 25361.073 26791.033 15662.973 16525.73 11634.296 12846.543 14261.313
2706.728 10092.104 12982 24996.153 30822.822 23355.983 13289.463 13853.039 7831.888 18155.326
977.942 14227.437 30081.814 32701.157 45637.206 40069.278 29340.949 16350.486 13743.071 26397.323
3116.515 2305.855 19025.548 34016.502 26629.037 26079.629 22058.517 15775.649 6993.045 17392.333
3243.745 13071.789 5477.743 38118.466 49178.526 27256.091 25744.475 21281.183 12225.988 18753.107
4133.989 9183.527 20940.619 7390.496 36898.52 33389.349 17800.064 16388.442 10801.099 14980.159
3169.972 9945.734 12580.795 24424.916 6268.14 22139.196 19380.998 10140.167 7445.865 11882.008
1886.927 9133.053 16391.117 17789.969 25416.718 4666.267 16027.857 13851.564 5807.907 11126.298
2667.439 5803.22 16091.551 24842.711 19919.153 20430.827 3653.845 12413.443 8609.595 10770.377
2532.984 8465.046 10555.965 25200.967 28781.848 16588.974 16584.671 2935.604 8008.461 12606.554
3190.496 13576.678 25796.951 27307.649 47524.337 38801.046 21664.035 21272.279 3037.842 21423.816
1966.386 10795.039 25945.975 41388.667 31359.481 38304.126 30053.573 16335.267 12823.761 14498.62
3648.443 5079.057 15800.668 32067.564 36796.692 19570.984 23018.871 17628.706 7631.714 12934.036
