Simulated number at age in the catch (in thousands)
1 2
1972 2002
0 9
1
1805.181 8978.223 15191.485 23577.641 27415.532 15767.609 18203.283 12668.741 7195.666 9031.826
542.684 5506.817 15690.193 22836.574 26181.419 21852.363 12242.282 13978.58 7806.715 9931.168
2391.608 2343.794 13572.674 33041.228 35291.414 28994.052 23508.126 12980.095 11930.749 15988.028
655.989 6877.063 3842.016 18978.271 33729.905 25616.192 20396.198 16260.715 7184.526 15684.311
3930.863 2514.092 14997.554 7123.655 25637.274 32446.864 23862.736 18659.897 11947.478 17211.341
4498.113 15705.829 5679.45 28490.355 9723.58 24685.624 30076.233 21572.476 13533.449 21384.527
2518.766 7511.693 14944.097 4606.916 16782.567 4031.946 9895.75 11827.582 6729.241 10987.033
2871.313 9902.284 16899.349 28862.354 6565.723 17192.239 4021.703 9755.931 9381.657 13938.049
1986.804 13661.15 26728.488 38579.629 47767.598 7729.544 19559.738 4481.853 8754.167 21489.39
4969.613 4731.864 18474.246 30626.629 31925.995 27808.458 4340.371 10742.636 1959.742 13174.692
4234.931 20419.899 11028.887 36411.41 43696.486 32313.578 27181.991 4153.057 8257.372 11123.938
3965.802 12651.813 34546.825 15736.201 37364.043 31531.217 22452.693 18431.913 2248.449 10132.961
1571.452 12353.888 22348.096 51578.599 16954.188 28396.198 23108.79 16085.495 10556.787 6386.99
2728.726 5287.193 23552.592 35967.47 59849.096 13880.939 22411.777 17819.829 9927.427 10550.763
1773.034 5680.197 6275.226 23855.95 26544.787 31251.571 7018.017 11132.981 7049.224 8683.392
3523.259 7583.495 13854.984 13062.242 36383.408 28976.259 33116.344 7323.797 9349.871 13567.067
3982.216 10705.18 13115.432 20385.545 13987.745 27652.91 21315.649 23915.903 4233.159 14226.136
2679.712 9621.842 14789.871 15537.745 17735.99 8678.271 16668.904 12672.847 11366.441 8651.3
737.38 11832.646 24245.256 31839.123 24547.938 20084.602 9546.754 18072.98 11063.784 17797.375
4253.815 2888.659 26274.174 45467.155 43133.757 23544.087 18586.795 8639.735 13126.189 21294.321
3072.987 9545.77 3687.659 28513.18 35778.155 23938.888 12625.381 9768.571 3615.346 14710.032
2928.075 14347.283 25286.969 8263.537 46324.3 41341.076 26732.445 13810.785 8601.749 16860.844
822.645 5202.162 14535.575 21870.244 5203.24 20590.11 17784.218 11295.15 4636.148 7975.913
3790.032 4131.559 14890.86 35468.496 39089.78 6665.301 25602.27 21772.31 11150.178 12022.525
2820.884 9839.156 6107.965 18745.259 32492.107 25369.892 4186.485 15787.53 10721.127 11244.655
3951.454 13669.047 27004.052 14138.023 31348.507 38570.944 29062.571 4689.618 14239.873 20876.017
3443.756 11756.622 22953.35 38022.83 14205.532 22015.742 25995.601 19040.583 2449.244 19074.525
553.833 6583.161 12804.283 21307.33 25654 6761.193 10134.37 11743.095 6837.004 7869.774
4289.159 2834.295 19155.86 31631.351 38363.514 32999.742 8424.257 12401.128 11586.195 14369.102
4560.09 14529.044 5425.482 30810.852 36457.656 31060.714 25688.622 6387.701 7519.304 15530.141
911.163 14054.041 25300.811 7937.207 32259.893 26754.183 21902.671 17634.51 3499.763 12460.785
