Simulated number at age in the catch (in thousands)
1 2
1972 2002
0 9
1
4507.4 11362.068 39949.492 18161.046 50790.514 40776.041 27255.131 32189.631 13039.335 22498.015
3149.228 10385.136 14861.459 44261.364 14520.731 28539.56 22092.8 14438.213 13566.493 14686.943
1916.774 8199.52 15456.494 18956.967 41455.265 9703.583 18528.682 14144.823 7395.998 15355.982
2352.698 6486.887 15882.033 25710.139 23257.015 36496.791 8316.149 15692.373 9621.778 15224.081
5766.397 10318.839 16196.217 33735.643 39862.977 25748.211 39161.565 8771.064 13319.178 21452.833
1286.982 15308.858 15593.367 20824.266 31537.106 26389.161 16489.722 24611.183 4402.327 17811.051
2863.159 3519.519 23932.33 20893.382 20495.709 22163.581 18020.99 11106.862 13272.156 11389.5
3249.9 11095.414 7787.097 45280.228 29019.909 20384.358 21415.71 17166.137 8505.902 19203.098
6873.933 14347.105 27750.626 16434.116 69030.155 31365.293 21258.638 21838.878 14074.903 22644.074
1840.104 13408.486 15927.272 26209.308 11253.275 33282.387 14610.174 9705.445 7921.961 13318.053
2728.743 8730.581 36174.89 36485.842 43741.843 13404.017 38392.101 16549.09 8854.817 20342.025
2938.793 5937.657 10825.394 38240.112 28072.516 23802.138 7058.925 19853.624 6817.366 11395.434
3728.525 14380.912 16507.996 25517.951 65566.862 34326.653 28167.342 8196.031 18573.003 17177.6
3250.693 8407.312 18449.334 18006.898 20189.994 36599.974 18516.819 14894.114 3451.13 15300.119
1935.631 8598.357 12734.18 24021.587 17287.657 13877.637 24485.257 12241.95 7886.62 9860.624
1497.323 8661.584 21966.095 27813.565 38544.682 19899.429 15524.822 27010.757 10876.685 16110.965
1210.06 3764.275 12438.197 27001.058 25053.943 24725.995 12391.101 9524.154 13246.558 13490.54
3879.966 5272.753 9347.455 26325.771 41811.533 27745.372 26565.031 13100.825 8104.574 22405.023
2539.01 12238.043 9451.363 14215.471 29040.514 32666.782 20950.645 19659.152 7759.28 19120.96
3726.632 8067.101 22103.161 14489.234 15818.288 22900.555 24904.134 15658.648 11762.157 15966.214
1814.326 8598.365 10632.501 24940.283 11975.407 9299.548 13065.768 13996.416 7026.758 12471.084
1772.561 5699.413 15482.315 16484.159 28604.504 9872.284 7472.419 10391.16 8937.356 11784.271
3537.732 9610.646 17568.006 40505.123 31434.572 38996.082 13037.108 9691.396 10874.572 22270.359
949.368 11822.35 18141.107 27842.655 45947.889 25022.426 29830.552 9708.607 5768.703 20314.097
3102.116 1818.269 12891.935 16842.616 18758.746 21809.694 11479.275 13419.13 3470.095 9047.943
2473.571 12672.763 4238.099 25665.268 24586.165 19601.354 22129.804 11475.565 10790.534 9717.8
6473.52 9824.929 28539.658 8064.762 35309.314 23963.985 18440.627 20367.416 8478.747 14705.275
4561.776 21680.987 18588.991 45346.78 9174.699 28194.874 18391.495 13779.582 12166.117 13877.032
1190.642 8919.906 24133.044 17610.5 31165.569 4442.175 13192.268 8436.677 5023.443 9983.047
6211.912 5743.133 24462.845 56186.093 29867.1 37726.711 5207.391 15184.623 7823.368 14508.124
1597.609 18949.033 9926.333 35690.21 59038.047 22098.37 26895.145 3625.369 8445.555 12192.53
