Simulated number at age in the catch (in thousands)
1 2
1972 2002
0 9
1
2800.31 7736.952 16471.414 29238.613 20050.645 16265.919 27787.553 9718.06 8063.948 7942.12
1597.339 15369.245 24073.395 43289.673 55682.442 27196.527 21318.566 35662.194 10062.671 16177.464
4389.499 4616.856 25081.349 32963.704 42324.348 38052.674 17840.445 13598.508 18126.057 14086.077
2148.342 8369.07 5018.276 23261.638 22254.604 20182.692 17561.515 8086.048 4901.151 11824.805
2877.597 9228.987 20522.003 10517.971 35795.822 24547.662 21630.172 18554.219 6876.974 15053.614
6847.122 12098.772 21975.33 41206.97 15237.179 36710.79 24278.304 20906.023 14405.919 17016.533
3435.489 14465.259 14532.168 22416.742 30422.178 7916.217 18412.626 11923.638 8163.649 12699.07
6133.994 15038.107 35982.654 30663.097 34394.628 33241.673 8369.868 19099.21 9949.514 16790.762
6419.061 20281.196 28139.134 56717.74 34742.292 27429.492 25522.376 6269.315 11440.771 16541.088
2201.371 15467.842 27782.815 32728.727 47784.229 20643.148 15740.723 14346.44 2808.135 12988.463
2995.315 8446.073 33744.87 51467.993 44102.063 45799.182 19146.815 14326.741 10484.875 11155.918
4565.013 11819.505 18831.443 63199.321 69154.174 41748.288 41708.749 16992.755 10196.682 15354.692
4242.187 12749.515 18650.674 24962.704 59890.447 45827.129 26569.824 25828.088 8381.507 12744.932
4323.954 13612.895 23154.485 28534.777 27447.158 46324.12 34122.262 19298.761 14994.532 12224.936
2698.641 8474.614 15215.941 22097.221 19845.432 13499.608 22061.537 15968.271 7186.579 10847.271
1753.855 13242.195 23681.692 36195.814 38429.351 24698.296 16294.631 26193.715 15281.355 17593.992
4003.304 5769.431 24688.521 37284.898 41096.345 30783.393 19073.738 12296.53 15814.939 20718.645
2617.256 8041.593 6613.245 24185.223 26659.717 20813.331 15106.387 9204.651 4725.565 14728.213
2460.443 11327.038 19868.7 13969.718 37523.302 29658.401 22500.64 16102.517 7899.04 16519.043
3651.382 8458.805 22143.735 32987.563 16858.723 32153.188 24584.874 18297.444 10496.776 15992.644
1885.643 8718.119 11526.856 25794.058 28093.606 10200.779 18865.686 14195.769 8436.011 11921.908
5045.061 7431.489 19608.305 22152.555 36358.963 28342.676 9994.527 18214.003 11019.757 15329.021
3316.209 17514.616 14674.939 32900.52 27037.294 31529.725 23784.05 8230.767 12027.044 18022.203
2956.165 10983.892 32947.516 23396.083 38009.521 22118.925 24919.514 18412.932 5102.658 19179.922
4512.238 11034.512 23204.914 58638.095 29968.941 34356.156 19259.746 21180.443 12543.904 16453.315
3548.564 15409.655 21252.742 37425.299 67469.914 24145.898 26563.739 14472.842 12720.309 17367.196
877.946 6231.466 15402.234 18076.883 23066.617 29232.849 10104.472 10892.821 4707.685 9790.456
2894.643 4527.297 18272.821 38350.185 32813.272 29921.705 36734.69 12471.851 10841.802 14167.026
2480.004 6991.247 6217.587 21315.354 32422.363 19574.252 17243.174 20741.707 5612.361 11839.454
4435.431 9958.606 15952.66 12033.339 29973.927 32420.107 18932.284 16356.246 15806.434 13198.858
3937.59 16658.414 21128.249 28418.832 15363.841 26924.641 28003.522 15929.188 11025.173 19896.301
