Simulated number at age in the catch (in thousands)
1 2
1972 2002
0 9
1
3192.946 17459.873 22598.893 49029.004 42541.178 40431.34 19648.731 25257.351 11461.651 16532.06
2586.24 6916.923 21481.504 23569.537 36919.809 22505.033 20627.597 9804.045 10017.885 11189.337
4976.597 8752.338 13345.018 35353.09 28355.692 31665.442 18718.089 16879.026 6434.961 14166.61
4399.831 21281.905 21212.307 27307.998 52284.652 29729.986 32041.422 18525.234 13425.532 17239.773
4410.062 12114.231 33188.967 27908.349 25830.142 34729.683 19011.886 19993.584 9215.801 15432.118
4090.002 14255.319 22216.663 51492.602 31295.305 20464.993 26553.062 14219.952 11965.57 15018.976
2106.587 9101.022 18096.22 24090.428 40758.833 17565.201 11130.716 14201.962 6064.917 11546.687
1580.597 8860.594 21830.983 37045.565 36131.43 43745.247 18300.24 11420.089 11723.949 14996.063
3439.648 4951.39 15793.954 33086.762 40841.97 28270.901 33121.658 13598.954 6794.433 16054.659
2953.432 14088.761 11488.986 30919.786 46752.24 40853.66 27276.152 31236.038 10298.532 17531.55
3307.144 7321.753 19819.259 13679.173 26556.756 28236.404 23787.968 15524.671 14159.553 12479.257
3255.28 9258.929 11692.137 27023.565 13632.267 18828.888 19411.531 16089.381 8401.18 14876.334
2603.173 10331.413 16786.392 18145.145 30785.229 11098.798 14892.148 15136.722 10061.893 14608.181
4538.167 11729.038 26440.285 36408.852 28593.324 34537.991 12044.315 15847.673 12962.133 21975.872
1094.012 11225.289 16491.06 31556.347 31472.988 17436.135 20340.448 6947.621 7287.158 16612.82
1094.38 3506.562 20511.91 25705.276 35943.206 25535.068 13715.928 15739.172 4308.825 14357.168
1549.83 3854.864 7030.641 34986.788 31947.465 31784.256 21866.933 11536.54 10619.502 12398.9
6712.208 6188.555 8715.446 13399.695 48064.596 31030.105 29759.449 19999.41 8468.088 16564.355
2887.586 11769.525 6186.334 7434.348 8315.415 21039.192 13141.674 12374.799 6604.595 8112.803
3735.867 16129.932 37390.09 16690.904 14634.523 11713.045 28719.365 17626.343 13398.502 16097.404
4853.984 11472.723 28033.336 54742.526 17553.46 10816.597 8331.955 19924.307 9765.706 17229.919
1385.675 15470.911 20704.866 42655.602 59923.634 13526.247 8027.15 6034.876 11535.357 15704.759
3813.108 3484.529 22121.272 25144.359 37553.522 37249.98 8123.767 4724.176 2832.495 13274.698
2911.826 14049.587 7303.178 39396.375 32590.963 34620.392 33239.347 7115.705 3320.962 11173.967
2038.27 7096.259 19529.784 8668.658 34144.021 20051.211 20642.912 19491.399 3331.587 6378.087
1909.688 5650.825 11273.49 26702.111 8756.028 24738.252 14151.473 14411.06 10908.066 5159.849
1469.675 10913.321 18358.397 31083.577 53679.299 12592.747 34468.121 19366.885 15924.823 17614.542
6687.966 4783.257 20063.385 28339.176 34337.241 41589.339 9374.993 24978.554 11212.512 20743.374
3279.406 16381.737 6648.963 23608.357 24057.607 20495.993 23934.34 5274.098 11189.862 15291.247
880.31 12807.859 36294.024 12458.201 32012.613 23123.441 19022.679 21742.674 3845.719 20469.815
2174.906 1875.962 15549.768 37553.21 9376.243 17026.585 11899.19 9609.363 8745.449 9272.976
