Simulated number at age in the catch (in thousands)
1 2
1972 2002
0 9
1
6491.327 6177.308 27914.461 13001.975 36400.895 29220.763 20275.01 20670.202 12850.182 20897.647
2507.365 14612.009 7908.433 30366.765 10250.282 20231.102 15688.031 10665.411 8656.508 14363.322
2899.152 7417.597 24711.151 11462.882 32348.821 7805.75 14974.118 11455.404 6241.742 13644.197
4012.13 13069.952 19026.179 53875.462 18224.643 36710.249 8581.876 16174.027 9960.198 17236.807
1712.474 8378.769 15576.576 19380.868 40076.049 9609.613 18760.04 4313.684 6478.244 10799.336
1893.902 9968.549 27673.178 43513.653 39314.857 58018.347 13454.871 25747.328 4780.927 18961.539
3265.926 4374.713 13059.358 30657.707 34709.295 21998.847 31272.149 7082.588 10777.158 9625.232
5235.182 13976.156 10602.017 26687.329 45204.539 36240.809 22152.265 30774.664 5600.676 16370.404
5130.588 12444.787 18851.383 12102.43 21964.603 26137.298 20197.132 12064.814 13338.37 9443.467
3643.33 17093.788 23596.229 30397.879 14207.17 18322.969 21106.554 16012.903 7666.116 14778.609
4781.702 10448.109 27934.353 32870.877 30887.788 10257.065 12815.525 14509.191 8806.518 13102.612
3757.02 12179.53 15229.939 34967.575 30289.984 20344.771 6570.849 8106.756 7345.332 11079.895
3370.735 14124.752 26204.404 28133.132 47657.934 29659.476 19395.855 6191.324 6142.599 14687.672
4586.81 14319.083 34136.508 53823.271 42113.143 50868.191 30661.48 19693.896 5056.075 16286.521
3077.144 11246.372 20001.299 40631.438 46644.152 25850.669 30224.712 17891.258 9170.194 9914.258
4957.875 15512.742 32125.997 48220.603 70860.332 57816.934 30938.26 35392.829 16880.827 17757.196
3204.324 16148.701 28462.237 49258.298 52577.366 53933.044 42170.022 21896.453 19990.43 19698.304
2627.755 5824.903 16694.457 25002.291 31297.068 23455.749 23220.512 17774.334 7320.525 13900.699
2645.459 7740.304 9831.622 24248.76 26835.951 24112.575 17605.536 17241.561 10587.233 13375.447
2481.697 12167.759 20308.566 22023.496 39841.243 31603.475 27578.746 19840.167 15652.07 22300.171
5798.93 8513.525 23701.11 33510.817 26326.286 33731.408 25846.819 22089.828 12731.981 24876.619
4541.959 20114.963 16727.328 39285.296 40022.991 22184.396 27394.478 20502.648 14029.754 23823.427
3433.008 16413.995 41021.28 28593.498 48000.559 34319.071 18270.784 21947.877 13145.71 24956.866
942.426 10248.205 27640.562 57871.932 28752.921 33709.127 23117.772 11957.057 11448.264 19748.45
4660.191 3154.181 19344.99 43694.908 65260.706 22695.791 25532.821 17017.596 7031.743 18126.071
3350.112 11037.151 4234.631 21943.291 35651.139 37334.2 12501.656 13728.36 7277.004 10721.359
1758.872 13342.898 24910.112 8067.85 30188.086 34719.041 35074.853 11483.09 10121.956 13118.769
2557.177 3445.35 14890.491 23693.012 5578.079 14729.064 16384.46 16244.281 4228.902 8633.975
1950.501 13384.071 10244.458 37533.247 43453.27 7302.426 18663.914 20372.472 16288.99 12818.016
709.657 4813.196 18752.96 12161.674 32188.261 26232.555 4252.764 10632.369 9245.594 13882.281
2938.991 2061.978 7977.3 26539.169 12583.876 23710.451 18739.291 2989.378 5982.979 13414.971
