Simulated number at age in the catch (in thousands)
1 2
1972 2002
0 9
1
2415.586 4199.157 17658.948 18222.052 25819.766 4896.715 12748.085 9464.485 11697.342 11827.841
2201.931 8316.946 8254.314 29683.234 22466.821 22755.81 4191.16 10752.857 6408.123 17128.256
4761.072 10287.022 22015.071 18438.545 47928.299 25747.144 25170.52 4534.368 9362.344 20805.216
2272.475 8269.456 10179.438 18568.331 11294.517 20675.901 10738.338 10298.502 1472.423 9796.809
2608.026 10864.69 22539.953 23664.432 31628.526 13784.789 24497.568 12529.269 9683.489 10112.844
1130.269 6274.641 14911.54 26422.1 20259.443 19222.832 8120.359 14193.924 5795.57 8496.849
2348.39 3167.365 10076.987 20613.955 26992.824 14850.811 13727.953 5737.099 8040.354 8127.616
890.903 13026.145 9994.211 27015.395 40339.861 37807.183 20161.432 18316.663 6178.873 17698.727
702.375 2245.177 18650.124 12135.614 23734.196 24985.082 22604.879 11800.601 8546.497 11911.434
3749.041 2550.585 4634.903 32681.453 15454.405 21471.146 21864.038 19403.028 8125.904 14013.435
6183.797 13029.17 5024.05 7710.171 39229.114 13102.714 17555.027 17472.738 12418.309 14359.411
3727.363 16054.733 19223.429 6289.478 6989.855 25099.242 8095.998 10623.181 8434.488 12805.921
6697.472 15723.98 38384.134 38805.472 9175.057 7227.161 25044.408 7900.926 8330.05 17424.377
1919.819 13308.057 17789.81 36974.943 27136.691 4523.464 3444.347 11705.737 2936.013 9654.613
3727.721 8698.864 34325.985 39036.179 59233.537 31055.966 5017.767 3755.807 10276.552 11038.163
3011.189 13848.677 18275.567 60667.643 49563.234 52994.044 26744.206 4214.043 2527.318 14072.484
1445.002 9086.201 23611.359 26176.942 62178.485 35586.451 36558.533 17959.17 2257.575 8529.955
816.275 4166.232 14842.392 32554.031 25975.642 43391.66 23920.416 23990.868 9405.209 5381.816
5938.808 2637.863 7636.064 23001.568 36435.999 20530.013 33084.134 17835.302 14311.065 9188.733
4196.843 20401.084 5131.358 12525.39 27166.533 30343.029 16472.283 25918.333 11184.207 14973.454
4217.663 12943.121 35618.694 7551.337 13250.706 20211.365 21733.693 11511.44 14468.036 15746.866
4994.111 10995.656 19179.84 44800.632 6881.784 8526.384 12562.547 13233.43 5592.292 15867.806
3595.937 15520.575 19478.294 28975.355 49427.785 5404.16 6490.157 9403.641 7935.419 13147.702
5350.466 12714.104 31239.059 33357.98 36166.332 43906.273 4649.297 5484.894 6375.576 14050.073
2200.698 15123.91 20477.994 42886.113 33394.345 25715.237 30240.14 3146.831 2969.295 11035.847
3420.828 7093.056 27809.618 32159.695 49297.013 27378.605 20455.796 23681.91 1975.862 8083.415
3468.318 15313.743 18004.881 59652.297 49930.163 54345.259 29147.815 21315.549 19849.295 8193.345
4467.517 11191.699 27901.517 27526.034 65196.661 38240.2 39976.419 20860.796 12183.488 16194.378
2827.887 10706.725 15222.845 32132.267 22870.912 38080.689 21534.817 22007.965 9141.979 12913.264
3566.018 10518.101 22621.265 27265.06 41759.343 21096.885 33956.7 18820.8 15432.628 16449.556
4572.638 13053.334 21772.863 39392.989 34103.577 36794.245 17891.14 28081.439 12467.528 22788.19
