Simulated number at age in the catch (in thousands)
1 2
1972 2002
0 9
1
4013.712 14861.778 10792.498 41107.43 41477.202 13007.039 16985.034 21285.853 10709.941 12050.018
3342.238 14187.298 29663.838 18076.763 49276.088 34913.771 10521.465 13373.968 13410.187 14714.051
3597.882 11019.496 26354.359 46065.232 19974.304 38032.053 25829.938 7555.442 7666.928 16391.251
3231.556 8035.377 13954.22 28209.914 35469.556 10776.069 19756.227 13097.927 3044.079 10325.004
1281.623 8819.383 12520.158 18594.588 27529.966 24658.404 7270.139 13126.846 6963.401 7079.092
2912.983 3638.815 14341.09 17505.172 19185.075 20360.73 17756.261 5175.395 7491.391 7991.505
2737.676 14629.98 10405.879 34902.098 31140.547 24425.979 25140.237 21563.625 5067.322 15066.916
3605.679 10126.972 30584.16 18279.534 43977.95 27616.655 20837.132 20899.205 14359.071 13711.837
2368.546 8458.115 13476.801 34435.013 14830.719 25051.055 15158.914 11174.508 8916.116 12724.487
1670.025 8612.098 17474.843 23615.693 43805.066 13392.063 21871.719 12975.13 7672.153 15037.839
4416.94 4088.113 12013.622 20782.152 20462.097 26898.21 7962.196 12774.53 6048.231 10533.113
2465.958 16472.455 8692.595 21792.271 27581.806 19391.895 24729.914 7204.631 9284.769 12611.218
1423.608 7342.027 27953.11 12578.21 23017.172 20718.066 14115.891 17698.588 4127.769 12422.828
1041.64 4431.942 13043.013 42429.253 13978.497 18242.049 15933.417 10689.271 10741.241 9838.497
1530.437 3808.412 9229.886 23135.371 54938.862 12900.608 16316.489 14010.447 7545.633 14852.105
2641.613 4903.678 6941.067 14294.728 26048.742 43892.313 9970.976 12373.313 8508.336 13838.846
1889.906 6064.496 6434.281 7804.315 11787.655 15293.797 25022.992 5602.977 5552.966 9989.187
2348.248 7538.157 13827.843 12572.274 11227.752 12171.84 15362.194 24814.947 4470.134 12900.771
3336.341 10654.709 19392.757 30057.286 19779.209 12543.909 13132.398 16222.338 21081.816 13931.861
3316.616 9596.557 17341.308 26582.711 29565.551 13650.711 8328 8499.255 8373.452 18679.352
2240.495 8202.777 13507.008 20760.163 23113.382 18174.633 8113.999 4855.284 3952.445 12794.175
4000.379 9073.854 18884.519 26391.901 29499.983 23371.818 17783.277 7789.759 3745.623 13005.85
4358.049 13900.472 17847.305 31298.859 31470.367 24792.078 18917.928 14048.798 4926.282 10889.721
1615.797 11714.505 21195.441 23018.645 29118.366 20607.435 15651.55 11673.329 6913.177 6620.388
5567.483 6729.976 27590.575 41987.626 32786.53 29286.961 19959.179 14789.037 8855.948 10107.694
3932.323 12556.448 8609.943 29859.511 32725.178 17923.77 15423.955 10266.92 6047.166 8040.199
6699.326 16806.212 30409.076 17600.447 44098.783 34254.808 18103.984 15234.873 8149.767 11752.445
2576.677 18544.577 26343.021 40194.495 16716.114 29401.491 21981.861 11332.94 7603.046 10411.669
1873.549 5549.129 22794.099 27680.202 30856.936 9102.905 15520.609 11416.175 4692.444 7603.116
2180.247 7000.049 11855.796 41756.825 37346.799 29871.313 8573.192 14434.183 8535.368 9314.239
3491.628 7932.901 14516.891 20963.522 53972.106 34438.104 26711.419 7541.772 10194.798 12930.049
