Proportion Mature at Year Start
1 6
1972 2002
0 9
1
0.00   0.05   0.53   0.90   0.98   0.98   0.99   1.00   1.00   1.00
0.00   0.05   0.54   0.90   0.98   0.98   0.99   1.00   1.00   1.00
0.00   0.05   0.54   0.90   0.98   0.98   0.99   1.00   1.00   1.00
0.00   0.06   0.55   0.89   0.98   0.98   0.99   1.00   1.00   1.00
0.00   0.06   0.55   0.89   0.98   0.98   0.99   1.00   1.00   1.00
0.00   0.06   0.55   0.89   0.98   0.98   0.99   1.00   1.00   1.00
0.00   0.06   0.56   0.89   0.98   0.98   0.99   1.00   1.00   1.00
0.00   0.06   0.56   0.89   0.98   0.98   0.99   1.00   1.00   1.00
0.00   0.06   0.57   0.89   0.98   0.98   0.99   1.00   1.00   1.00
0.00   0.07   0.57   0.88   0.98   0.98   0.99   1.00   1.00   1.00
0.00   0.07   0.57   0.88   0.98   0.98   0.99   1.00   1.00   1.00
0.00   0.07   0.58   0.88   0.98   0.98   0.99   1.00   1.00   1.00
0.00   0.07   0.58   0.88   0.97   0.97   0.99   1.00   1.00   1.00
0.00   0.07   0.58   0.88   0.97   0.97   0.99   1.00   1.00   1.00
0.00   0.07   0.58   0.88   0.97   0.97   0.99   1.00   1.00   1.00
0.00   0.07   0.58   0.88   0.97   0.97   0.99   1.00   1.00   1.00
0.00   0.07   0.58   0.88   0.97   0.97   0.99   1.00   1.00   1.00
0.00   0.07   0.58   0.88   0.97   0.97   0.99   1.00   1.00   1.00
0.00   0.07   0.58   0.88   0.97   0.97   0.99   1.00   1.00   1.00
0.00   0.07   0.58   0.88   0.97   0.97   0.99   1.00   1.00   1.00
0.00   0.07   0.58   0.88   0.97   0.97   0.99   1.00   1.00   1.00
0.00   0.07   0.58   0.88   0.97   0.97   0.99   1.00   1.00   1.00
0.00   0.07   0.58   0.88   0.97   0.97   0.99   1.00   1.00   1.00
0.00   0.07   0.58   0.88   0.97   0.97   0.99   1.00   1.00   1.00
0.00   0.07   0.58   0.88   0.97   0.97   0.99   1.00   1.00   1.00
0.00   0.07   0.58   0.88   0.97   0.97   0.99   1.00   1.00   1.00
0.00   0.07   0.58   0.86   0.98   0.98   0.99   1.00   1.00   1.00
0.00   0.07   0.58   0.86   0.98   0.98   0.99   1.00   1.00   1.00
0.00   0.07   0.58   0.86   0.98   0.98   0.99   1.00   1.00   1.00
0.00   0.07   0.59   0.88   0.97   0.97   0.99   1.00   1.00   1.00
0.00   0.07   0.59   0.88   0.97   0.97   0.99   1.00   1.00   1.00
