Simulated number at age in the catch (in thousands)
1 2
1972 2002
0 9
1
5408.042 4642.93 31408.643 28694.923 24205.365 26612.121 19853.708 3325.048 3886.708 12401.798
2794.974 14008.254 6859.588 39621.743 26441.128 15848.151 16889.787 12393.888 1658.812 7895.267
1762.5 13386.792 38086.492 15789.613 66205.767 31458.268 18232.167 19045.263 11255.226 9128.954
2855.341 4215.863 18190.08 43884.66 13154.169 38838.374 17809.115 10101.002 8403.337 9028.316
514.462 6855.02 5792.014 21459.638 38093.897 8154.437 23411.512 10598.283 4806.992 8122.16
2759.317 2383.794 18129.054 13090.175 35617.35 45359.48 9435.2 26706.775 9741.075 12402.901
3988.45 10351.519 5072.091 32613.349 17029.501 32811.378 40335.796 8209.453 18638.489 16559.182
2493.203 7763.921 11495.653 4811.904 22565.101 8337.326 15559.523 18802.694 3045.568 13412.9
5689.612 15264.86 26958.013 33733.685 10247.282 34299.104 12253.473 22408.205 21881.799 19134.524
4840.806 15419.197 23373.148 34676.537 31011.209 6583.169 21158.803 7354.023 10705.285 20501.283
2855.463 12834.598 23227.03 29862.165 32072.106 20241.536 4149.091 13057.778 3621.218 15732.907
3573.73 9405.44 24059.799 37033.17 34663.221 26452.686 16161.249 3252.513 8202.413 11414.869
4620.118 9969.302 14960.097 32655.211 36704.828 24424.831 18066.26 10854.632 1747.431 11068.444
3501.527 20580.962 25212.494 32038.59 50752.085 40577.045 26105.308 18924.491 9147.287 9492.161
3500.075 12279.791 40740.556 41852.506 38024.922 42262.623 32456.963 20316.106 11780.351 11247.613
3138.242 7566.464 15072.346 42368.103 31402.156 20030.815 21463.912 16115.448 8016.706 9565.405
4510.156 14855.993 20284.325 34069.203 69156.043 36360.951 22377.336 23441.508 14166.101 15605.855
3061.804 8171.59 15318.55 17794.981 21656.485 30912.038 15697.761 9466.147 7869.351 10788.208
4881.425 15615.191 23689.383 37683.306 31884.569 27710.117 38301.299 19096.018 9284.02 18906.612
2307.97 10319.598 18801.442 24296.247 28089.957 16783.944 14107.796 19134.697 7593.796 11433.66
3019.772 11533.815 29282.667 45187.349 42426.74 34962.746 20208.015 16656.131 18205.68 18356.727
3967.798 7410.735 16070.79 34567.645 38529.341 25460.845 20239.371 11442.187 7512.27 16816.031
2589.812 9611.293 10264.861 19089.822 30159.39 23974.801 15393.71 12069.978 5455.158 11683.007
2254.47 10254.267 21755.042 19911.249 27263.901 30913.556 23904.979 15153.502 9557.997 13842.3
1461.467 8342.187 21601.046 38995.094 26023.175 25379.013 27875.632 21178.654 10777.846 16796.206
3021.363 3708.899 12077.408 26710.486 35230.826 16705.741 15794.476 17066.313 10359.851 13060.936
4996.206 14636.295 10201.635 28136.389 45199.676 42472.315 19479.162 18056.977 15716.4 22097.066
1756.205 9253.568 15455.976 9194.102 18460.05 20941.222 19044.518 8578.491 6321.243 13743.186
3986.844 9810.469 29377.164 41620.474 18036.097 25887.038 28439.953 25393.857 9233.148 21716.476
2368.796 9559.962 13361.058 33916.654 34728.604 10594.238 14671.59 15770.844 11214.225 13711.5
2589.798 7254.45 16696.971 19918.86 36966.699 26959.741 7975.576 10867.693 9358.148 14675.235
