Weight in the catch estimated using Weca (0-12 years)
1 3
1972 2002
0 9
1
0.052 0.135 0.277 0.341 0.423 0.468 0.468 0.508 0.539 0.596513690197036
0.05 0.145 0.194 0.285 0.368 0.448 0.468 0.508 0.539 0.60671316255616
0.051 0.136 0.229 0.261 0.334 0.392 0.481 0.508 0.539 0.602317687638233
0.05 0.148 0.177 0.259 0.323 0.348 0.43 0.488 0.539 0.605004549638941
0.059 0.137 0.207 0.263 0.32 0.346 0.406 0.443 0.518 0.610198409899134
0.056 0.136 0.169 0.275 0.333 0.352 0.407 0.446 0.546 0.577140538197054
0.036 0.135 0.161 0.25 0.325 0.345 0.403 0.421 0.518 0.550546443341147
0.016 0.137 0.161 0.243 0.318 0.348 0.401 0.416 0.506 0.532894507610345
0.057 0.131 0.249 0.285 0.345 0.378 0.454 0.498 0.52 0.561118907611623
0.06 0.132 0.248 0.287 0.344 0.377 0.454 0.499 0.513 0.560660985987472
0.053 0.131 0.249 0.285 0.345 0.378 0.454 0.496 0.513 0.559990510675287
0.05 0.168 0.219 0.276 0.31 0.386 0.425 0.435 0.498 0.587542272642546
0.031 0.102 0.184 0.295 0.326 0.344 0.431 0.542 0.48 0.621978492713906
0.055 0.144 0.262 0.357 0.418 0.417 0.436 0.521 0.555 0.622855062823513
0.039 0.146 0.245 0.335 0.423 0.471 0.444 0.457 0.543 0.598855852119054
0.076 0.179 0.223 0.318 0.399 0.474 0.512 0.493 0.498 0.614297532342841
0.055 0.133 0.259 0.323 0.388 0.456 0.524 0.555 0.555 0.604580960899265
0.049 0.136 0.237 0.32 0.377 0.433 0.456 0.543 0.592 0.639036888287297
0.085 0.156 0.233 0.336 0.379 0.423 0.467 0.528 0.552 0.62443792472839
0.068 0.156 0.253 0.327 0.394 0.423 0.469 0.506 0.554 0.635737940806546
0.051 0.167 0.239 0.333 0.397 0.46 0.495 0.532 0.555 0.621892345273529
0.061 0.134 0.24 0.317 0.376 0.436 0.483 0.527 0.548 0.605907915514525
0.046 0.136 0.255 0.339 0.39 0.448 0.512 0.543 0.59 0.62838909736366
0.072 0.143 0.234 0.333 0.39 0.452 0.501 0.539 0.577 0.612147405561761
0.058 0.143 0.226 0.313 0.377 0.425 0.484 0.518 0.551 0.602896996358849
0.076 0.143 0.23 0.295 0.359 0.415 0.453 0.481 0.524 0.574881445838146
0.065 0.157 0.227 0.31 0.354 0.408 0.452 0.462 0.518 0.574112855947081
0.062 0.176 0.236 0.307 0.361 0.406 0.454 0.501 0.537 0.587064998457537
0.063 0.135 0.229 0.308 0.367 0.429 0.467 0.504 0.537 0.596767897523184
0.069 0.171 0.223 0.307 0.378 0.426 0.477 0.499 0.543 0.596758696144112
0.052 0.159 0.255 0.307 0.369 0.426 0.464 0.514 0.539 0.615368710541575
