Weight in the stock estimated using West (0-12 years)
1 4
1972 2002
0 9
1
0.008 0.132 0.178 0.243 0.411 0.355 0.398 0.433 0.459 0.510827737771279
0.008 0.132 0.177 0.242 0.301 0.438 0.398 0.433 0.459 0.521068194463146
0.008 0.13 0.173 0.238 0.296 0.322 0.469 0.433 0.459 0.517255261708691
0.008 0.129 0.171 0.236 0.294 0.318 0.365 0.497 0.459 0.51852125810829
0.008 0.128 0.17 0.236 0.293 0.318 0.365 0.419 0.512 0.525431924343608
0.008 0.127 0.167 0.233 0.289 0.313 0.361 0.416 0.446 0.537789036490955
0.008 0.111 0.175 0.238 0.3 0.346 0.382 0.41 0.432 0.487119026708401
0.008 0.11 0.174 0.237 0.299 0.345 0.38 0.408 0.43 0.498220215058615
0.008 0.109 0.173 0.236 0.297 0.343 0.379 0.407 0.429 0.476396512984088
0.008 0.087 0.186 0.252 0.313 0.323 0.378 0.419 0.434 0.463027549273237
0.008 0.086 0.135 0.221 0.28 0.385 0.353 0.408 0.437 0.477127526060514
0.008 0.086 0.172 0.235 0.28 0.339 0.377 0.404 0.439 0.514147498167093
0 0.081 0.194 0.253 0.295 0.324 0.393 0.436 0.441 0.512716422676577
0 0.085 0.165 0.293 0.306 0.341 0.384 0.43 0.459 0.529159641502216
0 0.077 0.179 0.267 0.304 0.356 0.351 0.416 0.473 0.463424033572111
0 0.078 0.148 0.24 0.286 0.374 0.386 0.411 0.429 0.490151302511513
0 0.072 0.156 0.237 0.301 0.329 0.423 0.445 0.432 0.524631723290277
0 0.076 0.177 0.244 0.306 0.352 0.38 0.429 0.474 0.509576622649444
0 0.074 0.138 0.222 0.287 0.339 0.373 0.414 0.409 0.485213683212569
0 0.075 0.155 0.23 0.307 0.357 0.409 0.432 0.502 0.55980124879595
0 0.078 0.212 0.259 0.31 0.362 0.402 0.424 0.462 0.5081916214055
0 0.078 0.197 0.268 0.315 0.36 0.416 0.454 0.465 0.517361205421724
0 0.079 0.178 0.237 0.301 0.361 0.413 0.466 0.47 0.538626725779915
0 0.081 0.164 0.267 0.326 0.398 0.448 0.491 0.508 0.560919535639271
0 0.076 0.133 0.251 0.317 0.366 0.444 0.462 0.501 0.587019824904567
0 0.076 0.186 0.228 0.296 0.361 0.402 0.445 0.478 0.531978828660687
0 0.077 0.149 0.223 0.285 0.342 0.4 0.426 0.466 0.532418775038915
0 0.081 0.194 0.242 0.301 0.353 0.396 0.423 0.44 0.487730463297718
0 0.074 0.185 0.235 0.289 0.35 0.39 0.426 0.447 0.508014517046688
0 0.078 0.164 0.241 0.342 0.39 0.446 0.459 0.499 0.552429038164524
0 0.078 0.181 0.239 0.311 0.364 0.411 0.436 0.462 0.527822810932111
