Simulated number at age in the catch (in thousands)
1 2
1972 2002
0 9
1
1012.06 9247.963 10283.617 22024.274 30750.106 24180.467 13735.87 12835.452 3242.364 9748.119
4041.11 5966.991 30952.534 29138.244 45370.351 45248.913 34430.432 19183.032 14478.643 15402.468
5341.9 12601.174 10497.986 45635.182 30648.395 33371.538 31937.369 23619.58 10499.272 16148.854
4585.213 16877.165 22472.584 15701.32 48750.861 22920.338 23960.741 22300.503 13164.337 14620.308
1873.715 13620.222 28342.566 31736.108 15884.421 34573.82 15625.524 15909.733 11812.326 15278.844
2775.733 3571.063 14808.841 26324.796 21493.228 7609.136 16040.446 7125.607 5772.046 10418.999
2785.2 9776.034 7204.744 25696.197 33765.433 19822.28 6837.871 14260.375 5091.848 11639.723
3686.746 15358.341 30567.765 19035.424 49218.833 46080.63 26144.708 8833.513 14864.757 17688.843
2205.049 6578.977 15599.455 26420.263 11923.219 21678.071 19603.802 10899.493 2921.94 10833.188
3922.405 10634.935 18062.637 36434.045 45069.272 14543.22 25634.432 22791.61 10210.791 12497.177
3799.317 8039.249 12441.386 18066.607 26619.925 23343.262 7301.231 12660.466 8968.165 8959.12
3281.254 21070.452 25335.692 33253.212 35169.344 37035.143 31448.714 9656.531 13514.811 19757.681
3638.181 10516.693 38150.621 38525.102 36187.526 26838.661 27157.894 22449.373 5505.545 19056.213
3308.92 12051.902 19662.206 59804.571 43143.09 28393.295 20219.76 19899.044 13141.613 15148.916
2936.378 6799.341 14079.015 19504.925 42918.427 21773.195 13830.894 9642.582 7541.225 10899.612
3843.181 12344.693 16261.86 28616.316 28888.799 45315.912 22264.894 13890.391 7787.48 14705.91
1593.131 12479.18 22731.437 25312.929 32161.945 22924.187 34686.205 16663.475 8317.404 13428.755
2338.831 4196.756 18700.485 28952.559 23406.034 21033.004 14493.741 21504.302 8247.178 11310.277
3533.936 9691.579 9868.675 37211.526 41746.131 23960.467 20802.557 14039.27 16737.158 15159.838
1527.73 10131.302 15752.058 13553.791 36837.619 29095.007 16095.126 13652.6 7354.514 17141.05
3391.256 3720.073 14065.867 18661.559 11713.195 22581.689 17278.232 9395.492 6361.864 11789.418
4049.224 15051.243 9390.293 30158.964 29150.587 13049.066 24362.345 18304.851 8010.109 15823.3
3599.069 13893.253 29227.775 15361.815 35481.312 24159 10413.994 18971.962 11407.88 14948.158
3969.208 10080.18 22057.275 39200.811 14842.532 24117.56 15823.356 6662.229 9682.972 12996.481
2747.802 13230.468 19062.554 35286.567 45335.584 12134.573 19029.363 12214.811 4117.221 14420.266
3995.185 5967.46 16391.613 20173.67 27254.855 24819.793 6436.992 9925.927 5078.869 7736.085
1400.003 16682.176 14216.285 33350.04 30097.603 29113.556 25745.754 6578.481 8161.909 10634.254
1541.064 4591.23 31122.296 22540.875 38458.113 24641.469 23063.642 20014.833 4097.136 11587.878
2727.585 3510.283 5977.078 34716.8 18438.501 22394.566 13932.156 12852.393 8906.579 6742.256
3615.917 15978.756 11673.094 16825.337 71039.952 26946.931 31667.536 19321.566 14395.44 18399.198
3655.942 9475.609 23707.297 14601.746 15109.999 44722.896 16321.729 18703.691 9087.555 15958.854
