Simulated number at age in the catch (in thousands)
1 2
1972 2002
0 9
1
3100.467 10554.726 5621.05 28744.1 27790.639 4880.879 12130.838 11030.418 3498.322 11678.539
4288.957 14607.009 28250.112 12755.048 47425.204 32677.905 5553.375 13539.759 9914.01 13711.083
2079.295 9385.059 18197.887 29960.617 9825.983 25796.974 17187.632 2865.3 5562.615 9835.762
1209.484 6920.059 17847.809 29638.066 35854.102 8413.616 21467.832 14108.328 1887.627 10226.306
3422.585 5904.37 19152.2 41728.069 50170.772 43147.875 9779.806 24426.893 12929.326 10172.688
6379.26 10029.189 9777.824 26655.186 41562.601 34998.287 28921.309 6381.596 12709.75 12540.797
3556.145 15464.54 13822.746 11443.761 22602.991 24863.228 20222.736 16371.213 2878.937 11566.136
2400.038 9440.143 23475.653 17995.576 10950.511 15447.125 16515.346 13253.725 8588.329 7622.256
823.164 11374.8 25474.455 53911.936 30194.877 13138.783 17970.834 18893.918 12215.309 15960.038
3117.276 3036.836 23730.267 44705.172 67955.448 26813.106 11229.541 14977.69 12615.511 19041.033
2301.901 7618.576 4210.233 27830.105 37787.026 40354.324 15344.805 6279.118 6667.236 14154.748
3962.801 7571.37 14255.453 6695.438 32188.852 31031.217 32066.325 11965.719 3922.877 13798.404
2178.136 9946.811 10847.883 17462.126 6000.126 20515.151 19183.759 19514.239 5818.898 8299.234
2664.111 7969.142 20783.988 19393.062 22923.625 5638.285 18731.21 17270.392 14114.535 9881.571
4936.615 11499.588 19517.643 43063.202 29115.775 24446.047 5809.342 18900.947 14011.266 19677.667
1250.99 13635.062 18008.921 25832.84 41078.389 19542.459 15813.479 3671.388 9528.419 17661.327
4459.2 4640.233 28645.47 31912.338 32998.219 37065.613 16998.076 13436.829 2500.695 19636.127
3468.373 13870.278 8163.617 42412.1 33898.571 24616.017 26597.438 11888.669 7505.252 12517.171
3189.962 7973.966 18144.363 9081.182 34232.947 19313.351 13555.024 14359.046 5112.909 7947.432
1246.615 12486.742 17768.444 34398.878 12556.821 33740.605 18442.312 12718.583 10824.874 9371.543
5560.964 3991.661 22712.318 27400.426 38445.421 9935.057 25792.083 13810.542 7623.251 12126.351
765.509 17434.705 7111.318 34324.146 30028.634 29832.694 7450.136 18952.727 8120.917 12438.067
2461.359 2492.652 32256.444 11158.71 39060.905 24208.527 23243.099 5688.088 11586.117 12911.501
5000.189 10053.862 5755.283 62602.125 15555.656 38414.004 22915.917 21454.3 4213.587 18869.634
2263.768 9756.095 11150.204 5418.703 42603.1 7434.817 17714.264 10341.408 7686.132 8099.636
5130.441 8490.819 20870.285 20360.313 7245.056 40700.153 6892.885 16169.736 7583.714 11782.37
1816.374 19660.773 18470.197 38438.326 27172.874 6858.714 37225.153 6174.702 11625.184 14113.966
2493.62 3504.778 21655.596 17397.658 26442.902 13241.585 3239.367 17295.007 2283.738 9478.348
4235.005 12037.871 9649.618 50887.379 29982.239 32675.187 15890.813 3829.961 16481.725 11759.616
3454.756 14525.011 23427.045 15890.051 60612.391 25265.25 26580.569 12650.475 2442.225 18264.043
7237.665 13425.244 31868.615 43120.036 20944.473 56200.98 22519.192 23067.396 8799.694 14425.785
