Simulated number at age in the catch (in thousands)
1 2
1972 2002
0 9
1
2532.216 17348.904 16356.279 30747.11 27498.366 27860.56 6931.468 12563.769 8996.417 12967.503
2080.985 5669.154 22193.688 17921.96 24689.14 15707.458 15447.564 3786.703 5478.951 9792.796
4606.542 11511.79 17823.388 59188.053 34818.524 34284.901 21124.088 20396.947 4035.446 16345.559
3556.363 12043.386 17071.358 22354.58 53526.015 22147.995 21021.678 12657.211 9741.106 9748.992
3478.611 9397.224 18149.437 21962.736 21005.899 35743.204 14336.015 13383.207 6441.286 9876.004
517.244 9304.905 14397.838 23914.797 21353.547 14631.381 24238.967 9610.777 7187.824 8704.911
4007.076 2807.785 28740.838 37802.104 45852.421 29305.431 19466.341 31701.536 10143.581 17008.679
4062.361 12075.805 4794.575 41430.884 39246.283 33514.935 20638.5 13388.228 17414.959 15846.04
4744.663 14458.275 24317.665 8129.723 50505.446 33711.162 27718.59 16652.937 8650.325 21950.171
3745.637 13464.474 23235.531 32960.326 7921.25 34568.924 22213.315 17820.916 8539.96 16150.509
3452.691 11003.529 22467.57 32868.759 33762.513 5734.509 24168.691 15208.123 9751.163 13591.693
4663.736 13585.029 24518.461 42216.501 44530.643 32340.518 5295.737 21805.583 11009.87 17310.415
566.286 9071.684 15049.945 23137.524 28935.018 21521.629 15112.215 2427.544 7945.635 9997.292
659.433 2116.201 19371.048 27519.486 31107.977 27878.639 20159.116 13966.235 1803.213 13770.489
3244.487 2793.714 5091.096 39480.765 40709.754 32717.838 28349.388 20093.11 11190.915 12467.981
3777.118 9131.64 4461.423 6879.708 38521.565 27995.192 21701.301 18387.549 10402.927 12170.02
844.093 13224.067 18137.672 7495.78 8358.934 33115.3 23230.372 17620.494 11962.234 14790.434
5185.656 2327.388 20717.512 24102.506 7214.232 5682.233 21741.288 14937.058 9046.545 13751.134
2560.913 14682.705 3757.87 28550.394 24265.569 5166.019 3944.583 14845.544 8160.91 13383.411
1812.413 7337.499 24057.592 5280.577 29504.016 17929.159 3710.929 2796.361 8432.535 12406.245
1749.438 5197.03 12061.239 34056.135 5528.448 22181.159 13136.371 2690.85 1626.387 12227.214
4839.151 10776.895 18173.155 35701.773 73304.097 8504.965 33022.531 19182.942 3175.671 15770.058
4411.474 12328.454 15546.125 22106.101 31176.474 44854.675 5006.843 18956.233 8764.572 8127.309
5196.067 17535.242 27707.09 29380.666 30018 29861.022 41357.662 4502.303 13674.208 11691.355
5500.028 16936.04 32204.325 42545.372 32103.902 22908.009 21844.036 29366.951 2551.66 14074.616
2180.782 9185.934 16106.728 26082.764 24985.525 13254.138 9137.096 8540.652 9103.418 5476.869
3677.549 11769.578 28199.895 42006.508 49638.245 34017.072 17488.115 11846.943 8935.299 16296.924
2183.751 8729.787 15889.816 32349.457 34936.363 29132.073 19289.012 9717.931 5245.74 11421.611
3733.489 10122.552 22937.727 35259.947 51933.657 39828.047 32066.914 20776.498 8423.545 14247.57
2934.144 11570.65 17714.936 33688.45 37013.849 38174.167 28115.423 22022.116 11386.346 13339.595
1551.714 7371.67 16495.266 21373.969 29323.532 22660.173 22532.178 16221.92 10122.113 11010.868
