1.06103e+006 1.06103e+006 0.0328169 0.0928988 0.0417193 0.0128151 0.0253373 0.0380639 0.0430166 0.0447067 0.0449138 0.0449138 0.0449138 0.0449138 0.0449138 0.0449138 0.0449138  1.03749e+007 4.76931e+006 4.22517e+006 2.16031e+006 955297 695635 173619 207736 88171.6 25650.4 12371.1 5271.56 2478.23 869.689 942.199
170212 170212 0.00655779 0.0189719 0.00800589 0.00242734 0.00486795 0.00740678 0.0084121 0.00875736 0.00879974 0.00879974 0.00879974 0.00879974 0.00879974 0.00879974 0.00879974  8.4083e+006 3.64063e+006 3.68845e+006 1.93432e+006 816388 569477 139709 166173 70479.1 20503.4 9888.69 4213.77 1980.95 695.178 753.137
1.48897e+006 1.48897e+006 0.043719 0.12251 0.0561553 0.017358 0.0341822 0.0511518 0.0577189 0.0599553 0.060229 0.060229 0.060229 0.060229 0.060229 0.060229 0.060229  8.13652e+006 6.60811e+006 2.80714e+006 2.82213e+006 1.42497e+006 572162 387478 93986.8 111459 47259.2 13748.4 6630.79 2825.51 1328.31 971.157
53526.1 53526.1 0.00205031 0.0059572 0.00250461 0.000757383 0.00151463 0.00229901 0.00260853 0.00271469 0.00272772 0.00272772 0.00272772 0.00272772 0.00272772 0.00272772 0.00272772  6.34785e+006 4.75083e+006 2.41073e+006 2.51804e+006 1.20352e+006 459151 304653 73377 86942.2 36864 10724.3 5172.27 2204.01 1036.13 757.54
10404.7 10404.7 0.000348644 0.00101467 0.000426282 0.000128762 0.000257237 0.000390353 0.000442914 0.000460953 0.000463166 0.000463166 0.000463166 0.000463166 0.000463166 0.000463166 0.000463166  4.87833e+006 5.42343e+006 4.00814e+006 2.01287e+006 2.05289e+006 943882 350189 229799 55161.9 65334.9 27702.4 8059.01 3886.83 1656.26 1347.9
1.16326e+006 1.16326e+006 0.0424221 0.119187 0.0553653 0.0170843 0.0334403 0.049818 0.0561206 0.058263 0.0585251 0.0585251 0.0585251 0.0585251 0.0585251 0.0585251 0.0585251  4.51719e+006 5.01141e+006 3.68978e+006 1.83662e+006 1.82637e+006 821431 302090 197635 47423.4 56169.2 23816.1 6928.43 3341.55 1423.9 1158.81
456217 456217 0.0225393 0.0641807 0.0275005 0.00838743 0.016657 0.0251142 0.0284202 0.0295501 0.0296886 0.0296886 0.0296886 0.0296886 0.0296886 0.0296886 0.0296886  3.39519e+006 3.48856e+006 3.15662e+006 1.62677e+006 1.51218e+006 640094 229813 149114 35744.2 42336.2 17950.8 5222.14 2518.62 1073.23 873.423
2862.36 2862.36 0.000128164 0.000373093 0.000156807 4.73363e-005 9.43613e-005 0.000142892 0.000161993 0.000168539 0.000169342 0.000169342 0.000169342 0.000169342 0.000169342 0.000169342 0.000169342  6.57794e+006 2.82804e+006 2.75548e+006 2.5534e+006 1.28669e+006 1.1194e+006 452133 159387 102853 24640 29184.1 12374.2 3599.84 1736.19 1341.91
543651 543651 0.0263238 0.0751848 0.034327 0.0104949 0.0205543 0.0306605 0.034558 0.0358841 0.0360463 0.0360463 0.0360463 0.0360463 0.0360463 0.0360463 0.0360463  6.07395e+006 2.60716e+006 2.53289e+006 2.32352e+006 1.13654e+006 963056 384887 135184 87196 20889 24741.4 10490.5 3051.83 1471.89 1137.63
32989 32989 0.00207068 0.00601579 0.00253058 0.000764313 0.00152241 0.00230323 0.00261001 0.00271506 0.00272794 0.00272794 0.00272794 0.00272794 0.00272794 0.00272794 0.00272794  4.67687e+006 1.92565e+006 2.21494e+006 2.06411e+006 944974 755667 295174 102864 66285.2 15879.6 18808.1 7974.73 2319.96 1118.91 864.812
812850 812850 0.0394809 0.111195 0.0511472 0.0157763 0.030997 0.046298 0.0522024 0.0542107 0.0544565 0.0544565 0.0544565 0.0544565 0.0544565 0.0544565 0.0544565  4.68605e+006 3.67565e+006 1.49042e+006 1.67839e+006 1.47103e+006 623292 475621 182491 63292.2 40765.2 9765.89 11566.9 4904.44 1426.77 1219.98
132786 132786 0.00852097 0.0246192 0.0104852 0.00317514 0.00629504 0.0094811 0.0107245 0.0111491 0.0112012 0.0112012 0.0112012 0.0112012 0.0112012 0.0112012 0.0112012  3.60091e+006 2.63032e+006 1.28336e+006 1.49499e+006 1.2345e+006 495023 369500 140696 48751.1 31399.6 7522.22 8909.47 3777.67 1098.98 939.697
913.925 913.925 3.78688e-005 0.000110303 4.65574e-005 1.40485e-005 2.78912e-005 4.20701e-005 4.76163e-005 4.95122e-005 4.97445e-005 4.97445e-005 4.97445e-005 4.97445e-005 4.97445e-005 4.97445e-005 4.97445e-005  9.64158e+006 2.9871e+006 2.12534e+006 1.04645e+006 1.16116e+006 883650 335659 245336 92857.1 32153.9 20709.7 4961.3 5876.26 2491.57 1344.61
930456 930456 0.0427959 0.119953 0.0546563 0.0168584 0.0330567 0.0492688 0.0555028 0.05762 0.057879 0.057879 0.057879 0.057879 0.057879 0.057879 0.057879  8.79212e+006 2.72281e+006 1.94845e+006 948872 1.01356e+006 745173 279130 203029 76798.2 26593.2 17128.1 4103.28 4860.01 2060.67 1112.07
475250 475250 0.0283466 0.0802646 0.0346528 0.0105771 0.0208742 0.0312963 0.035337 0.0367135 0.0368821 0.0368821 0.0368821 0.0368821 0.0368821 0.0368821 0.0368821  6.93533e+006 1.98058e+006 1.67183e+006 842199 844042 584609 213799 154224 58277.7 20180 12997.5 3113.74 3687.98 1563.73 843.888
5025.01 5025.01 0.000188446 0.00054926 0.000232544 7.04472e-005 0.000141584 0.000215945 0.000245512 0.000255686 0.000256935 0.000256935 0.000256935 0.000256935 0.000256935 0.000256935 0.000256935  5.56446e+006 5.68566e+006 1.52065e+006 1.33864e+006 662852 614738 401700 143576 102836 38827.5 13444.9 8659.61 2074.53 2457.12 1604.07
1.51196e+006 1.51196e+006 0.0640603 0.175815 0.0822858 0.0257325 0.0506593 0.0757232 0.0854051 0.0886996 0.0891028 0.0891028 0.0891028 0.0891028 0.0891028 0.0891028 0.0891028  5.0718e+006 5.18707e+006 1.40395e+006 1.23227e+006 602273 552110 359094 128140 91761.4 34646.3 11997.1 7727.07 1851.13 2192.52 1431.33
284908 284908 0.016561 0.0475061 0.0204217 0.00622938 0.0125042 0.0190475 0.0216454 0.0225389 0.0226486 0.0226486 0.0226486 0.0226486 0.0226486 0.0226486 0.0226486  3.84775e+006 3.46744e+006 1.17308e+006 1.09567e+006 506592 440193 280231 99260.2 71015.6 26813.3 9284.74 5980.11 1432.62 1696.82 1107.73
32902.4 32902.4 0.00141489 0.00411816 0.00174231 0.000528284 0.00106335 0.00162402 0.00184739 0.00192432 0.00193376 0.00193376 0.00193376 0.00193376 0.00193376 0.00193376 0.00193376  8.04723e+006 3.18122e+006 2.76885e+006 974934 916864 415878 355758 225090 79569.4 56914.3 21489.1 7441.09 4792.66 1148.15 2247.66
1.15662e+006 1.15662e+006 0.0547528 0.15179 0.0706694 0.0220142 0.0434684 0.0651733 0.0735969 0.0764686 0.0768203 0.0768203 0.0768203 0.0768203 0.0768203 0.0768203 0.0768203  7.36405e+006 2.90549e+006 2.55558e+006 898795 836887 376254 320722 202674 71634.3 51238.5 19346.1 6699.03 4314.71 1033.65 2023.51
464700 464700 0.0292965 0.0830258 0.0362478 0.0111298 0.022301 0.0338911 0.0384749 0.0400487 0.0402418 0.0402418 0.0402418 0.0402418 0.0402418 0.0402418 0.0402418  5.6095e+006 1.99273e+006 2.1652e+006 803840 712447 305575 255621 160489 56679.1 40541.3 15307.2 5300.46 3413.92 817.852 1601.06
45266.2 45266.2 0.00169575 0.00493485 0.00208891 0.000633941 0.00127888 0.00195691 0.00222774 0.0023211 0.00233257 0.00233257 0.00233257 0.00233257 0.00233257 0.00233257 0.00233257  8.93676e+006 4.52058e+006 1.51111e+006 1.76442e+006 669269 580342 243944 202416 126738 44744.5 32004.8 12084 4184.37 2695.07 1909.58
1.16771e+006 1.16771e+006 0.0485071 0.135248 0.0620347 0.0192676 0.0382259 0.0575591 0.0651084 0.0676881 0.0680042 0.0680042 0.0680042 0.0680042 0.0680042 0.0680042 0.0680042  8.17665e+006 4.12674e+006 1.39549e+006 1.63046e+006 615123 530741 222645 184612 115580 40805.5 29187.3 11020.2 3816 2457.81 1741.47
555615 555615 0.0301077 0.0852663 0.0373047 0.0114609 0.0229453 0.034846 0.039549 0.0411634 0.0413615 0.0413615 0.0413615 0.0413615 0.0413615 0.0413615 0.0413615  6.43324e+006 2.96087e+006 1.19768e+006 1.46816e+006 532417 442202 182698 150694 94284.3 33286.9 23809.4 8989.7 3112.89 2004.95 1420.6
35532.9 35532.9 0.00134441 0.00391555 0.00166318 0.000504297 0.00101517 0.00155111 0.00176486 0.00183851 0.00184755 0.00184755 0.00184755 0.00184755 0.00184755 0.00184755 0.00184755  5.82318e+006 5.16904e+006 2.23515e+006 975671 1.22178e+006 432176 351093 143781 118248 73958 26110.7 18676.4 7051.65 2441.8 2687.05
1.09922e+006 1.09922e+006 0.0464558 0.12992 0.0602521 0.0186179 0.0365668 0.0546933 0.0617206 0.0641177 0.0644112 0.0644112 0.0644112 0.0644112 0.0644112 0.0644112 0.0644112  5.2788e+006 4.6829e+006 2.0629e+006 899457 1.11542e+006 391421 317002 129684 106640 66698.1 23547.6 16843.1 6359.44 2202.11 2423.28
293054 293054 0.0166986 0.0478627 0.0205403 0.00621864 0.0123339 0.018646 0.0211341 0.0219886 0.0220935 0.0220935 0.0220935 0.0220935 0.0220935 0.0220935 0.0220935  4.01446e+006 3.26673e+006 1.76244e+006 797860 931460 310220 246191 100024 82181.3 51400.1 18146.7 12980 4900.84 1697.03 1867.48
16525.1 16525.1 0.000664732 0.00193793 0.000824991 0.000249998 0.000501786 0.000764429 0.000868685 0.000904536 0.000908938 0.000908938 0.000908938 0.000908938 0.000908938 0.000908938 0.000908938  9.28725e+006 3.31488e+006 2.59795e+006 1.45107e+006 647140 718774 231411 181376 73410.6 60288.2 37707.1 13312.4 9522.1 3595.25 2614.92
715084 715084 0.0319161 0.0905663 0.041133 0.0126681 0.0251317 0.0378629 0.042838 0.0445385 0.0447469 0.0447469 0.0447469 0.0447469 0.0447469 0.0447469 0.0447469  8.35048e+006 2.98468e+006 2.39383e+006 1.33391e+006 585622 641396 205338 160626 64996.5 53378.2 33385.3 11786.6 8430.71 3183.18 2315.21
74754.5 74754.5 0.00422873 0.0122702 0.00519647 0.00157104 0.00314383 0.00478233 0.00543227 0.00565582 0.00568326 0.00568326 0.00568326 0.00568326 0.00568326 0.00568326 0.00568326  6.6007e+006 2.23283e+006 2.09683e+006 1.20481e+006 508396 536603 169268 131735 53272.6 43750 27363.3 9660.58 6910 2609 1897.6
51920.3 51920.3 0.00188743 0.00549517 0.00233883 0.000709213 0.00142591 0.00217612 0.00247481 0.00257765 0.00259028 0.00259028 0.00259028 0.00259028 0.00259028 0.00259028 0.00259028  6.03073e+006 5.5699e+006 1.86503e+006 1.77e+006 1.00621e+006 414050 429054 134398 104362 42191.7 34649.8 21671.7 7651.15 5472.7 3569.21
927133 927133 0.0377563 0.106475 0.0485634 0.0149846 0.0296431 0.0445505 0.0503571 0.0523396 0.0525825 0.0525825 0.0525825 0.0525825 0.0525825 0.0525825 0.0525825  5.43936e+006 5.01704e+006 1.71842e+006 1.62923e+006 914889 372588 384521 120281 93383.6 37753.3 31004.8 19391.9 6846.28 4897 3193.75
184701 184701 0.00973566 0.0281013 0.011983 0.00362654 0.00723578 0.0109885 0.0124757 0.0129874 0.0130502 0.0130502 0.0130502 0.0130502 0.0130502 0.0130502 0.0130502  4.27888e+006 3.68641e+006 1.49203e+006 1.4643e+006 785716 306792 311354 96832.6 75125.5 30371.9 24942.8 15600.5 5507.71 3939.55 2569.31
22969.4 22969.4 0.00109694 0.00319605 0.00136017 0.000411948 0.000824747 0.00125346 0.00142305 0.00148128 0.00148842 0.00148842 0.00148842 0.00148842 0.00148842 0.00148842 0.00148842  3.74388e+006 3.57587e+006 3.01839e+006 1.25272e+006 1.22142e+006 636530 243365 245078 76030.1 58968.3 23839.9 19578.4 12245.3 4323.18 5109.01
913119 913119 0.0482868 0.135054 0.0640841 0.0199028 0.0390037 0.0581132 0.0654619 0.0679582 0.0682636 0.0682636 0.0682636 0.0682636 0.0682636 0.0682636 0.0682636  3.36558e+006 3.2151e+006 2.77561e+006 1.14796e+006 1.09615e+006 560572 212697 213627 66251.5 51384.2 20773.7 17060.4 10670.4 3767.15 4451.92
22857.2 22857.2 0.00169418 0.00492212 0.00207509 0.000617932 0.00120592 0.00180354 0.00203631 0.00211601 0.00212577 0.00212577 0.00212577 0.00212577 0.00212577 0.00212577 0.00212577  2.41558e+006 2.11528e+006 2.34964e+006 1.01956e+006 912321 439238 162689 162046 50203.4 38937.3 15741.7 12927.8 8085.68 2854.63 3373.53
37684.5 37684.5 0.00226191 0.00659204 0.00283558 0.000859942 0.0017232 0.00262205 0.00297839 0.00310088 0.00311592 0.00311592 0.00311592 0.00311592 0.00311592 0.00311592 0.00311592  5.55603e+006 2.03472e+006 1.76643e+006 1.95866e+006 810035 667703 303955 110302 109159 33792.4 26209.1 10595.9 8701.85 5442.55 4192.24
809203 809203 0.0550514 0.15272 0.0723084 0.022478 0.0437756 0.0648439 0.0728738 0.0755919 0.0759241 0.0759241 0.0759241 0.0759241 0.0759241 0.0759241 0.0759241  4.87592e+006 1.78691e+006 1.62159e+006 1.79668e+006 729018 591124 267346 96800.1 95770.8 29647.7 22994.5 9296.28 7634.55 4775.01 3678.05
93341.6 93341.6 0.00879276 0.0254127 0.0108821 0.00328116 0.00648308 0.00976609 0.0110528 0.0114936 0.0115477 0.0115477 0.0115477 0.0115477 0.0115477 0.0115477 0.0115477  3.53488e+006 1.16699e+006 1.35693e+006 1.5805e+006 593183 447212 196446 70414.8 69579.7 21539.8 16706.1 6753.97 5546.68 3469.16 2672.19
57656.3 57656.3 0.00335857 0.00976739 0.00417332 0.00126629 0.00254226 0.0038743 0.00440348 0.00458553 0.00460789 0.00460789 0.00460789 0.00460789 0.00460789 0.00460789 0.00460789  4.77474e+006 2.90492e+006 941333 1.13117e+006 1.29558e+006 461649 334743 144887 51684.2 51041.4 15800.9 12255 4954.49 4068.86 4505.1
967536 967536 0.0639149 0.175797 0.0850341 0.0264591 0.0511089 0.0753553 0.0845662 0.0876847 0.0880656 0.0880656 0.0880656 0.0880656 0.0880656 0.0880656 0.0880656  4.2693e+006 2.58803e+006 864695 1.03936e+006 1.17245e+006 412264 297361 128474 45819 45249.2 14007.8 10864.3 4392.26 3607.13 3993.86
60049.8 60049.8 0.00587482 0.0170178 0.00725635 0.00216963 0.00424117 0.00634806 0.00716914 0.00745025 0.00748468 0.00748468 0.00748468 0.00748468 0.00748468 0.00748468 0.00748468  2.95627e+006 1.58324e+006 710539 899728 922752 298607 208511 89097.6 31732.7 31338.1 9701.33 7524.27 3041.93 2498.18 2766.01
53662.6 53662.6 0.00341399 0.00992519 0.00423122 0.00128378 0.00258041 0.00393699 0.00447688 0.00466275 0.00468557 0.00468557 0.00468557 0.00468557 0.00468557 0.00468557 0.00468557  4.95748e+006 2.4319e+006 1.28014e+006 584179 699047 652572 198768 135762 57632.2 20510.6 20255.5 6270.5 4863.35 1966.17 3402.53
956090 956090 0.0686476 0.187701 0.0895126 0.0280626 0.0550265 0.082008 0.0923951 0.0959261 0.0963582 0.0963582 0.0963582 0.0963582 0.0963582 0.0963582 0.0963582  4.45855e+006 2.17776e+006 1.17655e+006 536998 634398 585790 177663 121169 51427.8 18302.5 18074.9 5595.44 4339.78 1754.5 3036.23
32054.2 32054.2 0.00323332 0.00938876 0.00397123 0.00119477 0.00237592 0.00360056 0.00408469 0.00425112 0.00427154 0.00427154 0.00427154 0.00427154 0.00427154 0.00427154 0.00427154  3.24053e+006 1.3821e+006 972264 474695 526132 457607 135530 91681.9 38873.7 13834.7 13662.6 4229.53 3280.39 1326.2 2295.05
65436.2 65436.2 0.00361564 0.0105089 0.00448734 0.00135814 0.00270932 0.00410725 0.00465868 0.0048479 0.00487111 0.00487111 0.00487111 0.00487111 0.00487111 0.00487111 0.00487111  6.98736e+006 2.72278e+006 1.14823e+006 808124 379656 399217 336304 98455.2 66381.7 28135.8 10013.2 9888.65 3061.22 2374.26 2620.97
919269 919269 0.0577536 0.159691 0.0751499 0.0234131 0.0459723 0.0686317 0.0773784 0.0803551 0.0807194 0.0807194 0.0807194 0.0807194 0.0807194 0.0807194 0.0807194  6.23755e+006 2.41898e+006 1.05047e+006 735750 336026 344925 287817 83986.1 56603.4 23991.3 8538.19 8432.02 2610.3 2024.52 2234.89
180332 180332 0.0155539 0.0446624 0.0191753 0.0058463 0.0117492 0.0179155 0.0203667 0.0212101 0.0213136 0.0213136 0.0213136 0.0213136 0.0213136 0.0213136 0.0213136  4.63148e+006 1.60738e+006 882596 652775 280506 272201 222137 64327 43313.3 18358.3 6533.48 6452.23 1997.41 1549.18 1710.15
44674.2 44674.2 0.00185956 0.00541839 0.00231978 0.000703327 0.00141018 0.00214634 0.0024382 0.00253851 0.00255082 0.00255082 0.00255082 0.00255082 0.00255082 0.00255082 0.00255082  9.67345e+006 3.82538e+006 1.28125e+006 726897 534231 223342 212884 172540 49868.2 33570.8 14228.9 5063.89 5000.92 1548.13 2526.2
893127 893127 0.0424174 0.118949 0.0541224 0.0167007 0.032923 0.0493459 0.0557216 0.0578961 0.0581624 0.0581624 0.0581624 0.0581624 0.0581624 0.0581624 0.0581624  8.58057e+006 3.39425e+006 1.17698e+006 666862 481422 198094 187618 151726 43840.7 29513.1 12509.1 4451.83 4396.47 1361.01 2220.87
27642.7 27642.7 0.00167628 0.00487904 0.0020683 0.000626492 0.00125973 0.00192278 0.00218678 0.00227767 0.00228883 0.00228883 0.00228883 0.00228883 0.00228883 0.00228883 0.00228883  6.81736e+006 2.48959e+006 1.01513e+006 595458 407810 159970 148671 119452 34487.7 23216.8 9840.4 3502.08 3458.53 1070.65 1747.07
122540 122540 0.00414153 0.0120433 0.00517817 0.00157029 0.00314045 0.00477022 0.00541474 0.00563608 0.00566324 0.00566324 0.00566324 0.00566324 0.00566324 0.00566324 0.00566324  8.77585e+006 5.72381e+006 2.07385e+006 848953 483021 319135 122749 113248 90829.4 26219.4 17650.7 7481.2 2662.47 2629.36 2142.18
1.07042e+006 1.07042e+006 0.0417764 0.117248 0.0534868 0.0164787 0.0323465 0.048312 0.0544798 0.0565796 0.0568366 0.0568366 0.0568366 0.0568366 0.0568366 0.0568366 0.0568366  7.71484e+006 5.01261e+006 1.89681e+006 775795 431327 279329 106587 98068.9 78628.5 22697.4 15279.7 6476.27 2304.82 2276.16 1854.43
55228.9 55228.9 0.00279332 0.00811479 0.00343606 0.0010343 0.0020454 0.00307899 0.00348277 0.00362082 0.00363774 0.00363774 0.00363774 0.00363774 0.00363774 0.00363774 0.00363774  6.0728e+006 3.64847e+006 1.63245e+006 689025 360213 220741 82412.3 75260.4 60285.9 17402.5 11715.2 4965.47 1767.15 1745.17 1421.82
19551.2 19551.2 0.000701783 0.00204302 0.000862512 0.000260695 0.000520166 0.000788174 0.000893719 0.000929898 0.000934336 0.000934336 0.000934336 0.000934336 0.000934336 0.000934336 0.000934336  7.76286e+006 5.07108e+006 3.00994e+006 1.34962e+006 545002 265231 154752 56695.5 51481.9 41212 11896.5 8008.63 3394.45 1208.04 2164.99
1.40085e+006 1.40085e+006 0.0560534 0.155112 0.0721496 0.022426 0.0439741 0.0655466 0.0738491 0.0766707 0.0770159 0.0770159 0.0770159 0.0770159 0.0770159 0.0770159 0.0770159  7.0988e+006 4.63028e+006 2.7653e+006 1.23055e+006 483292 229373 132480 48365 43898.4 35141.3 10144.1 6828.93 2894.43 1030.09 1846.08
83381.5 83381.5 0.00448364 0.0129982 0.00548642 0.00165354 0.00329179 0.00498813 0.00565783 0.00588782 0.00591604 0.00591604 0.00591604 0.00591604 0.00591604 0.00591604 0.00591604  5.40577e+006 3.16233e+006 2.32896e+006 1.08918e+006 401339 179477 101231 36655.8 33237.2 26606.8 7680.5 5170.44 2191.48 779.921 1397.74
28638.3 28638.3 0.00132186 0.00384619 0.00162664 0.000490596 0.000976259 0.00147778 0.00167534 0.00174311 0.00175142 0.00175142 0.00175142 0.00175142 0.00175142 0.00175142 0.00175142  3.06281e+006 4.57002e+006 2.62923e+006 1.92787e+006 869479 304039 131552 73292.7 26445.4 23969.6 19188 5538.94 3728.76 1580.43 1570.46
736377 736377 0.0378418 0.106627 0.0484113 0.0148852 0.0292579 0.0437604 0.0493751 0.0512884 0.0515226 0.0515226 0.0515226 0.0515226 0.0515226 0.0515226 0.0515226  2.78768e+006 4.14886e+006 2.41036e+006 1.74635e+006 761791 259236 110986 61613.1 22221.4 20141 16123.2 4654.22 3133.18 1327.99 1319.61
87312 87312 0.00575331 0.0166603 0.00703636 0.00212914 0.00426023 0.00647339 0.00734869 0.00764924 0.00768612 0.00768612 0.00768612 0.00768612 0.00768612 0.00768612 0.00768612  2.21124e+006 3.06883e+006 2.08679e+006 1.55389e+006 639148 206424 86572.6 47721.9 17196.5 15586.5 12477.2 3601.76 2424.67 1027.69 1021.21
13227.1 13227.1 0.000782759 0.00227803 0.000960368 0.000289718 0.000577743 0.000876142 0.00099399 0.00103446 0.00103942 0.00103942 0.00103942 0.00103942 0.00103942 0.00103942 0.00103942  5.822e+006 1.87143e+006 2.54812e+006 1.7299e+006 1.25461e+006 495218 155659 64599.9 35501.8 12788.7 11591.5 9279.14 2678.58 1803.19 1523.74
584647 584647 0.0378878 0.106669 0.0480149 0.0147646 0.0291626 0.0438248 0.0495444 0.0514997 0.0517392 0.0517392 0.0517392 0.0517392 0.0517392 0.0517392 0.0517392  5.34374e+006 1.714e+006 2.34146e+006 1.57146e+006 1.10712e+006 426895 132972 55015.5 30223.2 10887.2 9867.97 7899.45 2280.31 1535.08 1297.18
108787 108787 0.00870454 0.0251506 0.010696 0.00325042 0.00653397 0.00996933 0.0113367 0.0118074 0.0118652 0.0118652 0.0118652 0.0118652 0.0118652 0.0118652 0.0118652  4.3446e+006 1.29764e+006 2.03733e+006 1.40552e+006 943146 348595 106809 43944.3 24124.6 8690.33 7876.75 6305.45 1820.17 1225.32 1035.43
74252.2 74252.2 0.0037158 0.010783 0.00455295 0.00137843 0.00276038 0.00419808 0.00476769 0.00496345 0.00498748 0.00498748 0.00498748 0.00498748 0.00498748 0.00498748 0.00498748  5.14614e+006 3.65639e+006 1.06854e+006 1.70048e+006 1.15982e+006 758990 276126 84101.1 34544.1 18960.7 6830.15 6190.72 4955.76 1430.56 1776.83
868382 868382 0.0485091 0.135004 0.0609645 0.0188473 0.0371254 0.0555755 0.0627219 0.0651567 0.0654548 0.0654548 0.0654548 0.0654548 0.0654548 0.0654548 0.0654548  4.72954e+006 3.33368e+006 980539 1.55389e+006 1.03844e+006 667766 241263 73308.4 30102.3 16522.6 5951.91 5394.7 4318.53 1246.62 1548.36
56546.4 56546.4 0.00397766 0.0115422 0.00487775 0.00147791 0.0029658 0.0045179 0.00513406 0.00534595 0.00537197 0.00537197 0.00537197 0.00537197 0.00537197 0.00537197 0.00537197  3.85396e+006 2.46903e+006 840594 1.38445e+006 876273 535779 189730 57253.2 23489.7 12893.1 4644.43 4209.63 3369.87 972.768 1208.23
63053.3 63053.3 0.00271362 0.00788378 0.00332885 0.00100817 0.00202178 0.00307808 0.0034971 0.00364117 0.00365886 0.00365886 0.00365886 0.00365886 0.00365886 0.00365886 0.00365886  8.35479e+006 3.27441e+006 2.07306e+006 708675 1.15965e+006 720230 433713 152663 45975.7 18858.2 10351 3728.7 3379.62 2705.43 1750.97
855538 855538 0.0406297 0.114047 0.0513937 0.0158359 0.0312286 0.0468065 0.0528512 0.0549121 0.0551644 0.0551644 0.0551644 0.0551644 0.0551644 0.0551644 0.0551644  7.6757e+006 2.99132e+006 1.90614e+006 649330 1.0441e+006 638618 382228 134258 40422.5 16580.5 9100.72 3278.33 2971.41 2378.66 1539.48
65016.1 65016.1 0.00385862 0.0111976 0.00472868 0.00143258 0.00287562 0.00438032 0.00497733 0.00518255 0.00520774 0.00520774 0.00520774 0.00520774 0.00520774 0.00520774 0.00520774  6.2311e+006 2.24707e+006 1.64976e+006 580103 885528 516348 303224 105813 31832.4 13057 7166.75 2581.66 2339.97 1873.18 1212.33
197649 197649 0.00557902 0.0161688 0.0068553 0.00208177 0.00418971 0.0063986 0.00727882 0.00758201 0.00761925 0.00761925 0.00761925 0.00761925 0.00761925 0.00761925 0.00761925  1.51719e+007 5.28091e+006 1.86928e+006 1.36709e+006 469309 691709 394435 229634 79941.7 24043.5 9862.13 5413.15 1949.96 1767.41 2330.53
1.72099e+006 1.72099e+006 0.0542931 0.150255 0.0682597 0.0211959 0.0419397 0.0630271 0.0712435 0.0740496 0.0743934 0.0743934 0.0743934 0.0743934 0.0743934 0.0743934 0.0743934  1.38721e+007 4.77737e+006 1.71637e+006 1.25768e+006 427357 624284 354738 206274 71799 21594.5 8857.6 4861.78 1751.34 1587.39 2093.14
146736 146736 0.00584622 0.0169339 0.00715547 0.00217078 0.00437791 0.0066964 0.00762154 0.00794023 0.00797937 0.00797937 0.00797937 0.00797937 0.00797937 0.00797937 0.00797937  1.12395e+007 3.47635e+006 1.46423e+006 1.1252e+006 365491 511820 286006 165355 57515.5 17298.5 7095.49 3894.59 1402.94 1271.6 1676.74
