Simulated number at age in the catch (in thousands)
1 2
1972 2002
0 9
1
211.604 457.275 1736.668 5127.202 3732.98 2966.547 4409.476 1641.068 883.06 1158.656
491.545 853.239 3619.406 3003.557 3087.378 3548.483 2280.895 1948.749 577.262 952.061
260.745 124.26 597.37 1929.945 2096.897 1216.182 1288.873 843.71 657.583 717.534
350.119 162.563 236.137 107.64 3539.848 2469.236 1773.636 2170.177 809.807 856.032
702.405 446.989 139.425 439.772 1282.462 2916.58 2270.9 1443.874 911.225 1381.681
852.356 3779.272 2888.469 1534.557 3122.188 1306.87 2590.369 1930.271 618.443 2070.002
93.07 1099.368 5272.837 2494.089 1626.229 2539.97 678.851 1739.37 910.696 1278.946
464.469 178.327 1917.743 5995.975 4407.382 1642.277 2411.289 1144.428 2105.848 2412.942
677.427 540.316 249.755 3913.194 4521.995 3929.375 1175.666 1578.277 629.776 2110.298
319.952 390.377 278.673 792.29 2731.677 3959.763 3157.236 632.208 596.672 873.037
306.491 1011.061 2797.707 3771.839 1523.23 3397.398 3325.353 2307.447 433.82 1804.947
186.701 432.303 1052.931 761.483 3620.798 859.649 1776.46 2809.626 1175.898 789.443
1502.629 438.244 130.589 2104.913 4343.471 3097.374 1391.567 1992.018 1574.795 1307.747
1424.22 333.441 131.012 4878.866 1343.416 2788.361 1360.757 328.65 458.3 827.828
1411.386 3655.868 3004.365 2384.524 5935.853 1573.18 2843.21 1336.076 329.216 1836.838
219.067 926.782 1427.56 395.684 670.896 1963.644 759.53 1162.228 481.922 531.385
701.883 285.182 411.978 9548.547 3602.029 329.756 2611.932 414.664 1222.978 1261.44
186.187 594.59 1489.007 1462.244 659.59 1905.454 451.07 749.538 224.651 278.613
318.88 94.556 6635.505 2029.755 5963.558 3535.561 2162.07 611.478 1204.971 897.526
9.594 270.846 1531.11 4889.968 3101.19 5500.576 3877.21 4741.822 915.209 1592.733
711.934 364.586 888.881 974.391 5941.816 2116.907 3282.998 2237.642 1645.097 1037.12
491.537 4191.013 401.076 2536.951 1350.631 4962.04 2226.24 3551.714 1838.729 3000.959
480.278 2758.727 2553.195 553.518 3241.751 1587.168 2205.147 940.355 1275.042 2390.15
586.427 807.476 1496.34 6505.662 1018.84 2155.008 1095.976 3036.027 811.58 3257.543
114.66 3295.395 1765.304 6406.319 5879.452 687.345 1363.25 602.548 1348.759 2635.603
15.1 155.765 2261.963 1847.012 2180.861 2461.059 483.018 944.169 380.174 1750.233
1495.082 740.51 2365.427 2409.472 1575.632 4177.524 3401.45 336.425 727.773 1113.096
359.091 2711.162 3859.438 3381.428 5107.524 935.125 2078.021 3294.06 226.371 1450.11
476.641 1527.231 6990.821 6000.599 2776.132 3820.129 580.472 1281.755 1801.495 958.672
197.689 761.877 1801.442 4800.823 4824.589 3742.84 3217.518 593.208 1175.027 1340.504
978.724 998.86 3158.138 1387.521 7654.698 3132.303 3060.296 2061.748 366.345 1693.096
