Simulated number at age in the catch (in thousands)
1 2
1972 2002
0 9
1
5091.928 14873.93 17810.242 25837.712 49370.795 33542.8 39204.952 13016.063 4788.87 15337.383
4153.466 15374.944 25395.577 25580.339 26600.718 35656.861 23293.802 26525.353 7028.065 10693.125
4686.623 13288.067 27832.474 38714.655 28010.673 20481.739 26423.127 16834.29 15319.835 10602.895
2226.04 11501.962 18538.102 32963.251 33211.526 16950.076 11970.222 15126.023 7681.18 11793.932
953.485 9959.932 29162.565 39675.361 50991.814 36444.253 17951.804 12400.017 12601.84 16757.941
4084.827 1835.184 10912.732 27195.554 26838.819 24294.494 16778.803 8102.668 4446.76 11214.773
1463.806 20845.088 5319.826 26812.586 48599.88 34218.223 29976.043 20311.233 7907.284 15801.602
1512.281 3753.505 30334.002 6553.252 23839.495 30411.187 20648.323 17685.815 9550.61 10711.173
2925.82 3937.281 5578.122 38540.305 6092.759 15771.873 19518.012 13046.617 8934.408 10346.633
1865.905 13789.699 10546.258 12675.027 63725.205 7183.535 17999.284 21859.415 11767.031 17475.72
3392.287 4117.736 17329.774 11286.715 9859.129 35020.082 3818.207 9387.593 9080.503 12692.245
2658.358 9874.155 6861.877 24814.054 11917.007 7459.192 25788.802 2778.55 5477.411 13203.147
4457.163 14621.109 30840.59 18155.651 47746.592 16370.866 9916.422 33632.27 2924.173 19686.957
2844.666 10769.867 20049.991 35803.171 15205.601 28111.943 9292.847 5502.604 14857.715 9535.098
1586.19 9521.467 20512.439 32469.84 42201.213 12734.858 22788.95 7395.302 3509.644 15666.944
2587.138 4418.826 15119.522 27780.151 32089.454 29634.225 8664.948 15243.494 3956.296 9900.577
762.248 9716.635 9449.397 27518.538 36883.164 30359.149 27164.09 7805.401 11026.468 9954.131
3567.855 2427.122 17588.392 14519.987 30697.338 29161.34 23207.106 20358.737 4683.185 13450.623
2340.531 8505.63 3304.017 20483.868 12377.918 18609.451 17151.404 13440.323 9416.803 7583.105
2532.825 10660.885 22066.854 7299.452 33081.313 14293.966 20841.483 18894.282 11922.544 15901.848
4218.902 9006.984 21473.349 37494.041 8938.019 28592.62 11907.697 16959.162 12315.426 19109.003
3410.807 14993.664 18063.913 36099.068 45047.713 7533.778 23146.144 9376.611 10683.767 19934.43
2629.56 8756.2 21783.563 22110.425 31683.648 27682.166 4451.807 13329.042 4297.195 14818.832
4959.209 7289.226 13809.555 29206.431 21537.306 21852.582 18464.652 2912.765 6968.358 9639.544
3273.184 20984.237 17486.134 27986.658 42806.366 22385.746 21926.701 18127.234 2297.926 12847.928
3038.847 6322.253 23092.53 16401.762 19082.055 20593.341 10416.234 10012.764 6580.986 5186.674
952.464 10445.362 12437.184 39009.058 20435.11 17063.184 17925.802 8960.099 6919.034 8063.169
1495.592 3997.41 24970.292 25320.886 58028.378 21711.458 17577.814 18160.928 7301.656 12738.323
4289.902 5740.771 8684.953 45708.293 33373.55 54005.162 19468.898 15388.967 12750.378 14149.13
4574.138 13742.627 10383.675 13180.704 49585.453 25364.883 39420.722 13825.689 8726.44 16415.244
4062.433 15087.91 25572.572 16188.247 14664.129 38617.626 18959.243 28641.897 8023.419 14650.379
