Simulated number at age in the catch (in thousands)
1 2
1972 2002
0 9
1
4219.267 8559.329 9309.423 34605.414 31111.833 30916.891 18837.624 23067.802 7692.3 16909.282
4775.682 17604.909 20201.111 18489.286 49450.156 31409.05 30064.938 17877.16 17578.479 19037.862
2223.115 7986.178 16773.036 16405.97 10902.858 20524.261 12602.113 11832.729 5580.91 11717.896
2883.307 12171.653 24878.243 44409.597 31718.422 15088.545 27534.852 16619.097 12593.914 18899.15
2984.394 5729.579 13791.837 24061.66 31292.646 15804.182 7278.811 13050.336 6268.515 11785.811
4899.529 16663.247 18163.484 37025.393 46962.129 43602.007 21307.942 9625.48 13929.17 19758.902
3730.324 11566.666 22326.419 20604.868 30299.105 27007.415 24174.162 11548.136 4151.503 14339.273
4528.672 14019.257 24692.938 40404.864 27059.768 28247.869 24341.239 21355.194 8186.513 13170.574
4189.992 17563.309 30703.246 45382.401 53199.069 25069.477 25160.959 21114.279 14848.086 14557.03
4086.931 11818.774 27974.347 41041.378 43313.907 35477.081 16047.448 15661.468 10467.539 14884.142
3081.287 12652.7 20708.536 41295.425 43527.794 32293.511 25458.954 11232.386 8756.05 14224.917
2758.031 8422.957 19638.422 27231.041 39261.815 29188.295 20898.97 16122.581 5676.92 12257.224
1825.678 6644.273 11591.163 23135.594 23504.571 24120.643 17404.796 12276.885 7566.847 8603.309
3615.418 9503.757 19655.081 29082.179 42260.417 30657.203 30459.515 21573.354 12271.614 16073.669
2559.788 8336.469 12460.127 21886.872 23459.164 24031.089 16837.093 16387.032 9242.475 12367.199
1121.734 6841.73 12748.241 16355.528 21142.934 16201.776 16140.165 11164.534 8700.59 11776.581
1113.909 4599.206 16020.481 25538.207 24076.443 22313.436 16619.166 16328.78 9087.874 17381.054
3534.442 3738.205 8788.525 26058.917 30280.676 20307.395 18228.621 13338.24 10506.262 17190.092
2725.308 8251.471 4989.259 10055.496 21882.495 18117.605 11801.786 10445.48 6106.502 12805.574
4204.433 14633.41 25197.482 12939.314 19021.642 29603.559 23749.371 15198.986 10853.71 19504.246
3273.558 12381.986 24417.231 35489.637 13120.594 13571.627 20347.361 15938.632 8143.654 16007.775
1219.161 9699.409 20835.955 34823.635 36641.916 9572.968 9561.856 14036.347 8788.151 13283.017
1989.774 4783.434 21547.034 39017.455 46994.654 34947.471 8800.498 8585.738 10111.938 15714.287
6792.773 6444.824 8746.389 33047.054 42762.815 36082.824 25767.671 6311.854 4917.86 14996.606
2279.554 15186.689 8184.967 9419.26 25715.371 23400.44 19048.805 13308.821 2593.202 8110.735
4402.269 10543.173 39798.951 18102.815 15058.54 29175.283 25624.639 20402.697 11470.205 9035.292
5357.064 14217.851 19202.361 60692.165 19679.733 11446.992 21275.426 18154.598 11538.78 11569.706
2300.967 10820.991 16324.97 18718.62 42780.504 9749.421 5472.465 9955.322 6748.213 8736.426
2587.623 9265.385 24810.97 31859.798 26664.589 43475.532 9602.277 5298.094 7747.389 12685.956
1386.747 6945.568 14168.126 32327.553 30245.15 17956.962 28349.597 6150.827 2712.016 11134.457
2832.834 3761.992 10778.901 18868.928 31677.193 21187.401 12231.995 19063.213 3312.174 7323.122
