#
# Parameter Data File Generated by VPA-2BOX GUI - Version 3.02
#
#
#   *** Zone 1 ***
#
# Terminal Year Parameters
           0           0.2             2             1           0.1  
           0           0.8             2             1           0.1  
           0           0.3             2             1           0.1  
           0           0.3             2             1           0.1  
           0           0.5             2             1           0.1  
# F-Ratio Parameters
         0.1           0.2             5             1           0.2  
         0.1           0.2             5             3           0.2  
         0.1           0.2             5             3           0.2  
         0.1           0.2             5             3           0.2  
         0.1           0.2             5             3           0.2  
         0.1           0.2             5             3           0.2  
         0.1           0.2             5             3           0.2  
         0.1           0.2             5             3           0.2  
         0.1           0.2             5             3           0.2  
         0.1           0.2             5             3           0.2  
         0.1           0.2             5             3           0.2  
         0.1           0.2             5             3           0.2  
         0.1           0.2             5             3           0.2  
         0.1           0.2             5             3           0.2  
         0.1           0.2             5             3           0.2  
         0.1           0.2             5             3           0.2  
         0.1           0.2             5             3           0.2  
         0.1           0.2             5             3           0.2  
         0.1           0.2             5             3           0.2  
         0.1           0.2             5             3           0.2  
         0.1           0.2             5             3           0.2  
         0.1           0.2             5             3           0.2  
         0.1           0.2             5             3           0.2  
         0.1           0.2             5             3           0.2  
         0.1           0.2             5             3           0.2  
         0.1           0.2             5             3           0.2  
         0.1           0.2             5             3           0.2  
         0.1           0.2             5             3           0.2  
         0.1           0.2             5             3           0.2  
         0.1           0.2             5             3           0.2  
         0.1           0.2             5             3           0.2  
         0.1           0.2             5             3           0.2  
         0.1           0.2             5             3           0.2  
         0.1           0.2             5             3           0.2  
         0.1           0.2             5             3           0.2  
         0.1           0.2             5             3           0.2  
         0.1           0.2             5             3           0.2  
# Natural Mortality Parameters
           0         0.656             1             0           0.1  
           0         0.344             1             0           0.1  
           0         0.340             1             0           0.1  
           0         0.459             1             0           0.1  
           0         0.428             1             0           0.1  
           0         0.342             1             0           0.1  
# Mixing Parameters
           0             0             1             0           0.1  
           0             0             1             0           0.1  
           0             0             1             0           0.1  
           0             0             1             0           0.1  
           0             0             1             0           0.1  
           0             0             1             0           0.1  
# Stock Recruitment Parameters
           0      0.55d+09         1.d20             0           0.4  
           0      0.25d+04         1.d20             0           0.3  
           0             0           0.9             0             0  
           0           0.1             1             0           0.2  
           0           0.4             1             0           0.1  
# Variance Scaling Parameters
           0           0.5           1.0             1           0.1  
           0           1.0           1.0          -0.1           0.1  
           0           1.0           1.0          -0.1           0.1  
           0           1.0           1.0          -0.1           0.1  
           0           1.0           1.0          -0.1           0.1  
           0           1.0           1.0          -0.1           0.1  
           0           1.0           1.0          -0.1           0.1  
           0           1.0           1.0          -0.1           0.1  
           0           1.0           1.0          -0.1           0.1  
           0           1.0           1.0          -0.1           0.1  
           0           1.0           1.0          -0.1           0.1  
           0           1.0           1.0          -0.1           0.1  
           0           1.0           1.0          -0.1           0.1  
           0           1.0           1.0          -0.1           0.1  
           0           1.0           1.0          -0.1           0.1  
           0           1.0           1.0          -0.1           0.1  
           0           1.0           1.0          -0.1           0.1  
           0           1.0           1.0          -0.1           0.1  
